it,alpha,cz_lp,cz_round,d_lp,d_round,d_lp_n,d_round_n,delta,delta_n,frac,dist,viol_max,viol_sum,feas,improving,ub,ub_eff,ub_free,z_best,stall,t
0,0,-886882877,-857846052.3,-263783697.4,-234746872.7,-0.5,-0.4449609189,29036824.64,0.05503908113,382.2796228,382.2796228,8.326885,15.452045,0,0,-623099179.6,0,1,0,0,0.0005917549133
1,0,-666444859.1,-608046530.9,-43345679.5,15052648.7,-0.08216140711,0.02853218157,58398328.2,0.1106935887,230.0838425,230.0838425,2.36301,8.593205,0,0,-623099179.6,0,1,0,1,1.008197784
2,0,-501337533.7,-549088086.8,121761645.9,74011092.77,0.2307982774,0.1402874656,-47750553.15,-0.09051081175,80.54306602,80.54306602,1.95491,5.110445,0,0,-623099179.6,0,1,0,2,1.500488043
3,0,-445796483.7,-531668412.3,177302695.9,91430767.29,0.3360759169,0.1733063267,-85871928.63,-0.1627695902,36.32502556,36.32502556,0.55391,1.84248,0,0,-623099179.6,0,1,0,3,1.607565403
4,0,-455574832,-536448639.3,167524347.6,86650540.25,0.3175411318,0.1642454426,-80873807.36,-0.1532956892,31.92461665,31.92461665,0.55391,1.871175,0,0,-623099179.6,0,1,0,4,1.712936401
5,0,-458643962.7,-517275095.2,164455216.9,105824084.4,0.3117236178,0.2005887502,-58631132.58,-0.1111348676,31.72838409,36.94088099,1,33.79905,0,0,-623099179.6,0,1,0,5,1.767549515
6,0,-448416746.1,-516927722.1,174682433.5,106171457.5,0.3311092293,0.2012471933,-68510975.96,-0.1298620359,16.19377867,16.19377867,0.55391,1.35484,0,0,-623099179.6,0,1,0,6,1.829217672
7,0,-445490061.3,-376998171.4,177609118.3,246101008.2,0.3366567382,0.4664825967,68491889.91,0.1298258584,15.45537512,24.431406,1,22.48888,0,0,-623099179.6,0,1,0,7,1.857756138
8,0,-460580208.3,-459613314.8,162518971.2,163485864.8,0.3080534788,0.3098862181,966893.5179,0.001832739338,3.82356474,3.82356474,0.1192,0.40882,0,0,-623099179.6,0,1,0,8,1.880016088
9,0,-458812247.1,-471960751.9,164286932.5,151138427.7,0.3114046359,0.2864817446,-13148504.83,-0.02492289129,3.381817503,19.6181825,1,59.957695,0,0,-623099179.6,0,1,0,9,1.898586512
10,0,-463066536.7,-466842131.4,160032642.9,156257048.2,0.3033406622,0.2961840511,-3775594.712,-0.007156611173,3.176898386,3.176898386,0.10767,0.26515,0,0,-623099179.6,0,1,0,10,1.916585684
11,0,-463480919.3,-466420505.1,159618260.3,156678674.5,0.3025552031,0.2969832406,-2939585.767,-0.005571962552,1.954890084,1.954890084,0.08132,0.22778,0,0,-623099179.6,0,1,0,11,1.93666482
12,0,-464645944.2,-469386963.7,158453235.4,153712215.9,0.3003469073,0.2913603407,-4741019.516,-0.008986566575,1.894767378,14.10523262,1,56.78937,0,0,-623099179.6,0,1,0,12,1.955377102
13,0,-462646908.3,-462565280.1,160452271.3,160533899.5,0.3041360647,0.3042907904,81628.1903,0.0001547256163,2.379961896,2.379961896,0.10701,0.205035,0,0,-623099179.6,0,1,0,13,1.972672462
14,0,-464203302.2,-472228948.2,158895877.3,150870231.4,0.3011859318,0.2859733807,-8025645.911,-0.01521255102,1.733050965,16.26694904,1,50.54653,0,0,-623099179.6,0,1,0,14,1.991476297
15,0,-463568071.7,-465934079.1,159531107.9,157165100.5,0.3023900065,0.2979052573,-2366007.441,-0.004484749179,2.581532967,2.581532967,0.08132,0.244375,0,0,-623099179.6,0,1,0,15,2.011364698
16,0,-465869427,-468732721,157229752.6,154366458.6,0.2980278048,0.2926004529,-2863293.933,-0.005427351959,1.840678133,19.15932187,1,112.17929,0,0,-623099179.6,0,1,0,16,2.045550585
17,0,-461569128.1,-462833364.6,161530051.5,160265815,0.3061789888,0.3037826383,-1264236.418,-0.002396350553,2.435284075,2.435284075,0.10701,0.27768,0,0,-623099179.6,0,1,0,17,2.063822269
18,0,-464135117.3,-600308647.1,158964062.3,22790532.46,0.3013151758,0.04319928162,-136173529.8,-0.2581158942,1.740396588,342.3767563,1.742185,2267.777085,0,0,-623099179.6,0,1,0,18,2.08676672
19,0,-449668146.6,-449472576.8,173431032.9,173626602.8,0.3287372091,0.3291079102,195569.8424,0.0003707011548,13.54052001,13.54052001,0.143115,0.370435,0,0,-623099179.6,0,1,0,19,2.170096874
20,0,-448135450.7,-447665956,174963728.9,175433223.6,0.3316424226,0.3325323462,469494.6715,0.0008899235931,1.817004164,1.817004164,0.08763,0.173275,0,0,-623099179.6,0,1,0,20,2.299138069
21,0,-448032104.4,-447957335.2,175067075.2,175141844.4,0.3318383148,0.3319800392,74769.21637,0.0001417244832,1.783235114,18.21676489,1,52.517215,0,0,-623099179.6,0,1,0,21,2.318860769
22,0,-451257159,-460459591.6,171842020.6,162639588,0.3257252482,0.308282107,-9202432.6,-0.01744314128,3.561045373,3.561045373,0.20604,0.4384,0,0,-623099179.6,0,1,0,22,2.337924242
23,0,-456157971.6,-451080348.2,166941207.9,172018831.4,0.316435795,0.3260603918,5077623.466,0.009624596812,2.223023666,23.77697633,1.05924,130.90138,0,0,-623099179.6,0,1,0,23,2.355296612
24,0,-452649380.4,-454749311.5,170449799.2,168349868.1,0.323086303,0.3191058996,-2099931.094,-0.003980403481,1.900000986,1.900000986,0.09639,0.11639,0,0,-623099179.6,0,1,0,24,2.37254715
25,0,-454730674.1,-455192196,168368505.5,167906983.6,0.3191412266,0.3182664154,-461521.8603,-0.0008748111898,1.47402189,10.52597811,1,34.783115,0,0,-623099179.6,0,1,0,25,2.389791727
26,0,-450590548.8,-449019226.2,172508630.8,174079953.4,0.3269888028,0.3299672329,1571322.612,0.002978430106,3.136737263,3.136737263,0.1214,0.175785,0,0,-623099179.6,0,1,0,26,2.406622648
27,0,-451340478,-453567081.9,171758701.6,169532097.7,0.3255673176,0.3213468069,-2226603.825,-0.004220510682,1.292986461,1.292986461,0.04145,0.054385,0,0,-623099179.6,0,1,0,27,2.426154613
28,0,-454405946.3,-462751148.8,168693233.3,160348030.8,0.3197567457,0.3039384776,-8345202.504,-0.01581826812,0.8809306461,21.11906935,1,115.48488,0,0,-623099179.6,0,1,0,28,2.441921473
29,0,-451152431.4,-453034474.2,171946748.2,170064705.4,0.3259237586,0.3223563606,-1882042.863,-0.003567397989,3.637071285,3.637071285,0.40338,0.686955,0,0,-623099179.6,0,1,0,29,2.460514069
30,0,-450123613.4,-444418306.6,172975566.2,178680873,0.3278738753,0.3386882411,5705306.776,0.01081436577,2.29001601,2.29001601,0.1214,0.19666,0,0,-623099179.6,0,1,0,30,2.479547977
31,0,-444355435.4,-451009626.3,178743744.2,172089553.3,0.338807413,0.3261944445,-6654190.914,-0.01261296847,2.22401006,9.77598994,1,9.606785,0,0,-623099179.6,0,1,0,31,2.497543097
32,0,-444030310.5,-444564768.2,179068869,178534411.4,0.3394236847,0.3384106243,-534457.6477,-0.001013060422,2.669691422,2.669691422,0.1952,0.45632,0,0,-623099179.6,0,1,0,32,2.515205145
33,0,-444459250.3,-440016912.5,178639929.3,183082267.1,0.3386106326,0.3470310502,4442337.79,0.008420417626,1.667327333,1.667327333,0.07782,0.156895,0,0,-623099179.6,0,1,0,33,2.532073021
34,0,-441504487.5,-462408074.6,181594692.1,160691105,0.3442113632,0.3045887721,-20903587.14,-0.03962259106,1.041404938,12.95859506,1,51.125685,0,0,-623099179.6,0,1,0,34,2.548505306
35,0,-451399368.4,-446571525.5,171699811.2,176527654.1,0.3254556913,0.334606831,4827842.889,0.009151139622,3.149866102,3.149866102,0.29302,0.366895,0,0,-623099179.6,0,1,0,35,2.565113068
36,0,-446913087.6,-443045177.1,176186092,180054002.5,0.3339594026,0.3412909977,3867910.552,0.007331595148,1.85295315,1.85295315,0.08484,0.236535,0,0,-623099179.6,0,1,0,36,2.583064795
37,0,-445676335.9,-453633508.3,177422843.7,169465671.3,0.3363036562,0.3212208961,-7957172.463,-0.01508276012,1.763178382,15.23682162,1,58.931595,0,0,-623099179.6,0,1,0,37,2.598822117
38,0,-443228987.6,-447508357.6,179870192,175590822,0.3409425863,0.3328310729,-4279369.98,-0.008111513378,2.299684783,2.299684783,0.12936,0.27755,0,0,-623099179.6,0,1,0,38,2.616099119
39,0,-445128822.1,-453714648.8,177970357.5,169384530.8,0.3373414643,0.3210670948,-8585826.725,-0.01627436951,1.416269338,22.58373066,1,126.574765,0,0,-623099179.6,0,1,0,39,2.632763624
40,0,-450591058.1,-444846379.2,172508121.5,178252800.4,0.3269878373,0.3378768327,5744678.936,0.0108889954,2.136220005,2.136220005,0.11961,0.247755,0,0,-623099179.6,0,1,0,40,2.655994415
41,0,-447026627.2,-462540976.7,176072552.4,160558202.9,0.3337441891,0.3043368572,-15514349.5,-0.02940733194,1.656012134,17.34398787,1,101.73125,0,0,-623099179.6,0,1,0,41,2.672696829
42,0,-450065568.3,-450183428.2,173033611.3,172915751.4,0.3279838994,0.3277604968,-117859.8889,-0.0002234025266,2.244729513,2.244729513,0.077185,0.250895,0,0,-623099179.6,0,1,0,42,2.690760851
43,0,-449243715.3,-457998239.1,173855464.3,165100940.5,0.3295417154,0.312947582,-8754523.733,-0.01659413341,1.74191429,10.25808571,1,19.576935,0,0,-623099179.6,0,1,0,43,2.707803965
44,0,-451719609.6,-454370056.4,171379570,168729123.2,0.3248486766,0.3198247748,-2650446.78,-0.005023901793,3.085455939,3.085455939,0.04145,0.06828,0,0,-623099179.6,0,1,0,44,2.72752142
45,0,-455201022.7,-464290373.5,167898156.9,158808806.1,0.3182496845,0.3010208889,-9089350.827,-0.01722879563,1.025981361,27.97401864,1,149.85757,0,0,-623099179.6,0,1,0,45,2.746195316
46,0,-454626909.7,-446701901.5,168472269.9,176397278.1,0.3193379114,0.3343597044,7925008.194,0.01502179299,3.069235263,3.069235263,0.133675,0.34519,0,0,-623099179.6,0,1,0,46,2.763277054
47,0,-449040033.8,-464374708.9,174059145.8,158724470.7,0.3299277923,0.3008610318,-15334675.12,-0.02906676051,2.573416561,25.42658344,1,129.55973,0,0,-623099179.6,0,1,0,47,2.780385733
48,0,-452854766.5,-452241694.8,170244413,170857484.8,0.3226969952,0.323859068,613071.7268,0.001162072814,2.275800079,2.275800079,0.077185,0.250895,0,0,-623099179.6,0,1,0,48,2.797569513
49,0,-451781420.8,-460369703.6,171317758.8,162729476,0.3247315139,0.3084524889,-8588282.785,-0.01627902496,1.778459667,15.22154033,1,76.362455,0,0,-623099179.6,0,1,0,49,2.817993879
50,0,-456105095.4,-462736276.7,166994084.2,160362902.9,0.3165360214,0.3039666676,-6631181.241,-0.01256935381,3.851796633,3.851796633,0.09639,0.133165,0,0,-623099179.6,0,1,0,50,2.837647915
51,0,-459618154,-446197127.2,163481025.6,176902052.4,0.3098770455,0.3353165001,13421026.75,0.02543945452,1.858141183,9.141858817,1,39.877715,0,0,-623099179.6,0,1,0,51,2.854468346
52,0,-448830785.9,-451429009,174268393.7,171670170.6,0.33032442,0.3253995078,-2598223.097,-0.004924912196,1.951995721,1.951995721,0.077185,0.184085,0,0,-623099179.6,0,1,0,52,2.870806456
53,0,-451079800.9,-459815955.2,172019378.7,163283224.4,0.3260614291,0.3095021148,-8736154.328,-0.01655931434,1.600567468,19.39943253,1,113.887075,0,0,-623099179.6,0,1,0,53,2.88812995
54,0,-456105095.4,-606331738.5,166994084.2,16767441.09,0.3165360214,0.03178255757,-150226643.1,-0.2847534639,3.851796633,330.6545698,1.380585,2150.30775,0,0,-623099179.6,0,1,0,54,2.907186985
55,0,-457814604.7,-459627443.1,165284574.9,163471736.5,0.3132956596,0.3098594381,-1812838.421,-0.003436221493,10.76527035,10.76527035,0.18802,0.45557,0,0,-623099179.6,0,1,0,55,2.966225863
56,0,-443700417.5,-441831105.1,179398762.1,181268074.5,0.3400489944,0.3435922619,1869312.419,0.00354326753,1.075243034,1.075243034,0.04996,0.134115,0,0,-623099179.6,0,1,0,56,3.06084013
57,0,-440988814,-438056201.4,182110365.6,185042978.2,0.3451888184,0.3507475634,2932612.603,0.005558744973,0.9589789533,28.04102105,1,162.40816,0,0,-623099179.6,0,1,0,57,3.080203533
58,0,-442129442.1,-435169821.9,180969737.5,187929357.7,0.3430267664,0.3562186738,6959620.261,0.01319190748,2.183883579,2.183883579,0.06746,0.122825,0,0,-623099179.6,0,1,0,58,3.097320318
59,0,-438015836.1,-441976056.8,185083343.5,181123122.8,0.3508240754,0.3433175072,-3960220.652,-0.007506568244,1.429639395,17.57036061,1,83.642495,0,0,-623099179.6,0,1,0,59,3.114325762
60,0,-440449955.6,-439299649.4,182649224,183799530.1,0.3462102203,0.348390617,1150306.197,0.002180396682,1.1046354,1.1046354,0.07932,0.141865,0,0,-623099179.6,0,1,0,60,3.13098979
61,0,-440451167.7,-439131526.7,182648011.9,183967652.9,0.3462079228,0.3487092923,1319640.998,0.002501369514,1.083390467,10.91660953,1,51.783115,0,0,-623099179.6,0,1,0,61,3.147499084
62,0,-440444736.5,-441296437.2,182654443,181802742.4,0.346220113,0.344605721,-851700.6146,-0.001614392063,2.726014202,2.726014202,0.08119,0.1881,0,0,-623099179.6,0,1,0,62,3.167644739
63,0,-439882192.9,-446784464.6,183216986.7,176314715,0.3472864102,0.3342032066,-6902271.625,-0.01308320358,2.104458198,19.8955418,1,121.891985,0,0,-623099179.6,0,1,0,63,3.187828779
64,0,-438682951.4,-442859677.5,184416228.2,180239502.1,0.3495595634,0.3416426107,-4176726.091,-0.007916952664,3.182498734,3.182498734,0.23114,0.45949,0,0,-623099179.6,0,1,0,64,3.217782259
65,0,-441815561.7,-439473985.4,181283617.9,183625194.2,0.3436217243,0.3480601646,2341576.354,0.00443844024,1.227464064,1.227464064,0.06746,0.130005,0,0,-623099179.6,0,1,0,65,3.238066912
66,0,-441319088.5,-433939715.4,181780091.1,189159464.2,0.3445627855,0.3585503313,7379373.13,0.01398754586,1.045996696,10.9540033,1,45.38593,0,0,-623099179.6,0,1,0,66,3.253861666
67,0,-440527900.8,-443931945,182571278.8,179167234.6,0.3460624758,0.3396101358,-3404044.202,-0.006452339996,2.122755691,2.122755691,0.09771,0.23585,0,0,-623099179.6,0,1,0,67,3.271698236
68,0,-440354762.7,-437402461.1,182744416.9,185696718.5,0.3463906579,0.3519867231,2952301.566,0.005596065252,1.332873762,1.332873762,0.06746,0.154365,0,0,-623099179.6,0,1,0,68,3.290743351
69,0,-436451206.5,-442556508.9,186647973,180542670.7,0.3537898189,0.3422172646,-6105302.346,-0.01157255434,1.303065471,12.69693453,1,28.61803,0,0,-623099179.6,0,1,0,69,3.307784796
70,0,-432285744.8,-429617620.6,190813434.8,193481559,0.3616854201,0.3667428293,2668124.197,0.005057409202,2.65949332,2.65949332,0.27859,0.433365,0,0,-623099179.6,0,1,0,70,3.325680017
71,0,-432388428.7,-441891885,190710750.9,181207294.6,0.3614907836,0.3434770541,-9503456.345,-0.01801372951,2.553576555,18.44642345,1,116.17644,0,0,-623099179.6,0,1,0,71,3.342115402
72,0,-431755349.4,-430546390.6,191343830.2,192552789,0.3626907806,0.3649823527,1208958.743,0.002291572138,1.165132516,1.165132516,0.047155,0.086905,0,0,-623099179.6,0,1,0,72,3.360603094
73,0,-429451861.1,-437968639.4,193647318.5,185130540.2,0.3670570252,0.3509135364,-8516778.326,-0.0161434888,0.7243037037,28.2756963,1,167.391135,0,0,-623099179.6,0,1,0,73,3.380180597
74,0,-429498143.3,-425359526.9,193601036.3,197739652.6,0.3669692977,0.3748140136,4138616.327,0.007844715895,1.748351041,1.748351041,0.27859,0.31094,0,0,-623099179.6,0,1,0,74,3.39598608
75,0,-429296300.1,-432037031.9,193802879.5,191062147.7,0.3673518898,0.3621568535,-2740731.762,-0.005195036291,1.674937219,26.32506278,1,145.481715,0,0,-623099179.6,0,1,0,75,3.413566351
76,0,-424476686.9,-427035165.1,198622492.7,196064014.5,0.3764874302,0.3716378541,-2558478.245,-0.004849576132,1.262190957,1.262190957,0.05705,0.13162,0,0,-623099179.6,0,1,0,76,3.430167198
77,0,-428800012.5,-427918420.3,194299167,195180759.3,0.3682925992,0.3699636505,881592.2186,0.001671051372,0.8106701173,11.18932988,1,53.10991,0,0,-623099179.6,0,1,0,77,3.449264288
78,0,-424015057,-430816585.2,199084122.5,192282594.4,0.3773624461,0.364470201,-6801528.158,-0.0128922451,2.317768476,2.317768476,0.047155,0.079505,0,0,-623099179.6,0,1,0,78,3.464896202
79,0,-429360376.8,-417300783.1,193738802.8,205798396.5,0.367230433,0.3900893015,12059593.7,0.0228588685,0.6660864116,19.33391359,1,122.12168,0,0,-623099179.6,0,1,0,79,3.480885506
80,0,-421889245.3,-517276991.9,201209934.3,105822187.7,0.3813919061,0.2005851551,-95387746.57,-0.180806751,1.96440333,330.6866229,1.495515,2119.348385,0,0,-623099179.6,0,1,0,80,3.49671483
81,0,-456848271.3,-463042283.7,166250908.2,160056895.9,0.3151273371,0.3033866336,-6194012.36,-0.0117407035,9.797076666,9.797076666,0.19944,0.57059,0,0,-623099179.6,0,1,0,81,3.545707226
82,0,-458718816.4,-458524029.8,164380363.2,164575149.8,0.3115817331,0.3119509497,194786.6131,0.0003692165495,1.310939405,1.310939405,0.044275,0.114515,0,0,-623099179.6,0,1,0,82,3.631331682
83,0,-458728526.7,-453038355.4,164370652.8,170060824.2,0.3115633272,0.3223490038,5690171.311,0.01078567661,1.296221979,8.72839186,1,1.798385,0,0,-623099179.6,0,1,0,83,3.644935369
84,0,-449944149.6,-451642410.7,173155030,171456768.9,0.3282140476,0.3249950065,-1698261.161,-0.003219041164,1.299193254,1.299193254,0.044635,0.06267,0,0,-623099179.6,0,1,0,84,3.664844751
85,0,-451308556.9,-454748159.5,171790622.6,168351020.1,0.3256278238,0.3191080832,-3439602.549,-0.006519740573,0.7005082104,22.29949179,1,136.12598,0,0,-623099179.6,0,1,0,85,3.680621147
86,0,-448784706.9,-443927470.3,174314472.7,179171709.3,0.3304117623,0.3396186176,4857236.621,0.009206855217,2.00727193,2.00727193,0.15438,0.196475,0,0,-623099179.6,0,1,0,86,3.696968794
87,0,-440673132.2,-447995420.1,182426047.4,175103759.5,0.3457871908,0.3319078496,-7322287.903,-0.01387934125,1.212608117,10.78739188,1,35.532505,0,0,-623099179.6,0,1,0,87,3.713485718
88,0,-442268073.6,-448172629,180831106,174926550.6,0.3427639915,0.3315719515,-5904555.351,-0.01119203994,1.345508205,1.345508205,0.041185,0.06013,0,0,-623099179.6,0,1,0,88,3.729758501
89,0,-447728026.6,-440921445,175371153,182177734.6,0.3324146919,0.3453165159,6806581.661,0.01290182397,0.4841600832,24.51583992,1,150.8105,0,0,-623099179.6,0,1,0,89,3.747445822
90,0,-436861071.1,-438665503.7,186238108.5,184433675.9,0.3530129238,0.3495926354,-1804432.65,-0.003420288418,0.913922908,0.913922908,0.060105,0.060105,0,0,-623099179.6,0,1,0,90,3.764201164
91,0,-438740443.7,-452563189.7,184358735.9,170535989.9,0.3494505872,0.3232496769,-13822745.97,-0.02620091028,0.5822609798,23.41773902,1,132.14121,0,0,-623099179.6,0,1,0,91,3.779956818
92,0,-437324783.1,-445349295.2,185774396.5,177749884.4,0.3521339611,0.3369235593,-8024512.066,-0.01521040183,1.992553561,1.992553561,0.041185,0.05007,0,0,-623099179.6,0,1,0,92,3.795922279
93,0,-444937424.5,-452647662.9,178161755.1,170451516.7,0.337704257,0.3230895587,-7710238.348,-0.01461469838,0.462643362,10.53735664,1,46.506815,0,0,-623099179.6,0,1,0,93,3.81465435
94,0,-439554959.6,-439480019.6,183544220,183619160,0.3479066785,0.3480487267,74940.0096,0.0001420482205,0.5822609798,0.5822609798,0.060105,0.060105,0,0,-623099179.6,0,1,0,94,3.831311464
95,0,-439554959.6,-440516026.1,183544220,182583153.5,0.3479066785,0.3460849843,-961066.447,-0.001821694169,0.5822609798,26.41773902,1,163.591045,0,0,-623099179.6,0,1,0,95,3.844819307
96,0,-434098767.3,-438868248.1,189000412.3,184230931.5,0.3582488497,0.349208335,-4769480.833,-0.009040514787,0.8668812709,0.8668812709,0.041185,0.042095,0,0,-623099179.6,0,1,0,96,3.860755444
97,0,-436015537.4,-445362977.1,187083642.1,177736202.5,0.3546156264,0.3368976253,-9347439.691,-0.01771800112,0.3786952324,25.62130477,1,162.06982,0,0,-623099179.6,0,1,0,97,3.876784086
98,0,-431847721.9,-437816296.6,191251457.7,185282883,0.3625156892,0.351202301,-5968574.701,-0.01131338813,1.755966555,1.755966555,0.19794,0.31305,0,0,-623099179.6,0,1,0,98,3.892485619
99,0,-432630776.9,-432149765.4,190468402.7,190949414.2,0.3610314144,0.361943168,481011.4814,0.000911753619,0.1235550039,0.1235550039,0.005945,0.010435,0,0,-623099179.6,0,1,0,99,3.908512592
100,0,-432312895.7,-437400154.3,190786283.8,185699025.3,0.3616339557,0.3519910957,-5087258.537,-0.009642860016,0.05188967443,25.94811033,1,163.306905,0,0,-623099179.6,0,1,0,100,3.924718618
101,0,-436439470.2,-442968906.2,186659709.4,180130273.4,0.3538120651,0.3414355685,-6529436.038,-0.01237649655,1.533514695,1.533514695,0.09193,0.13893,0,0,-623099179.6,0,1,0,101,3.940263748
102,0,-440372665.8,-443986489.1,182726513.7,179112690.5,0.3463567225,0.3395067479,-3613823.253,-0.006849974599,1.060790751,26.93920925,1,161.23233,0,0,-623099179.6,0,1,0,102,3.957357883
103,0,-438073626.4,-440987664.2,185025553.2,182111515.4,0.3507145343,0.3451909978,-2914037.777,-0.00552353653,1.461624193,1.461624193,0.069185,0.1938,0,0,-623099179.6,0,1,0,103,3.975070238
104,0,-437471352.8,-435321133,185627826.8,187778046.6,0.3518561394,0.3559318647,2150219.787,0.004075725316,0.9484955788,0.9484955788,0.060105,0.060105,0,0,-623099179.6,0,1,0,104,3.991265535
105,0,-435396073,-450044003.6,187703106.6,173055176,0.3557898165,0.328024775,-14647930.59,-0.02776504146,0.5822609798,15.41773902,1,101.65809,0,0,-623099179.6,0,1,0,105,4.00677228
106,0,-438743134.3,-435523877.4,184356045.3,187575302.2,0.3494454873,0.3555475642,3219256.837,0.006102076946,0.923710486,0.923710486,0,0,1,1,-623099179.6,0,1,-435523877.4,0,4.022447824
107,0,-458091827.4,-466962465.4,165007352.2,156136714.2,0.312770186,0.295955959,-8870637.953,-0.01681422704,1.840881044,1.840881044,0.13434,0.33948,0,0,-623099179.6,-458091827.4,0,-435523877.4,1,4.041189671
108,0,-461920228.2,-444083793.5,161178951.4,179015386.1,0.3055134813,0.3393223082,17836434.74,0.03380882692,1.594291541,21.40570846,1,73.887525,0,0,-623099179.6,-458091827.4,0,-435523877.4,2,4.063393354
109,0,-458091827.4,-457965623.5,165007352.2,165133556.1,0.312770186,0.3130094045,126203.8664,0.0002392184727,2.090320809,2.090320809,0.12929,0.184995,0,0,-623099179.6,-458091827.4,0,-435523877.4,3,4.090384722
110,0,-458091827.4,-446601733.4,165007352.2,176497446.2,0.312770186,0.3345495721,11490093.96,0.02177938605,1.77415874,11.22584126,1,18.337985,0,0,-623099179.6,-458091827.4,0,-435523877.4,4,4.116403103
111,0,-458091827.4,-463037276.4,165007352.2,160061903.1,0.312770186,0.3033961248,-4945449.049,-0.009374061206,2.602807507,2.602807507,0.09392,0.24109,0,0,-623099179.6,-458091827.4,0,-435523877.4,5,4.146753788
112,0,-462730592.2,-465477377.8,160368587.4,157621801.8,0.3039774426,0.2987709313,-2746785.602,-0.005206511299,1.974170319,1.974170319,0.072585,0.14717,0,0,-623099179.6,-458091827.4,0,-435523877.4,6,4.174607038
113,0,-463894951.3,-452087763.3,159204228.2,171011416.3,0.3017704085,0.3241508441,11807188.06,0.02238043552,1.496993744,13.50300626,1,34.518855,0,0,-623099179.6,-458091827.4,0,-435523877.4,7,4.190279245
114,0,-459745511.2,-457563827.2,163353668.4,165535352.4,0.3096356409,0.3137710064,2181684.002,0.004135365498,2.48135016,2.48135016,0.17633,0.281345,0,0,-623099179.6,-458091827.4,0,-435523877.4,8,4.21069169
115,0,-459808870.2,-466521472.3,163290309.4,156577707.3,0.3095155444,0.2967918581,-6712602.073,-0.01272368638,2.295482069,22.70451793,1,118.81714,0,0,-623099179.6,-458091827.4,0,-435523877.4,9,4.226390123
116,0,-458091827.4,-456821889.7,165007352.2,166277289.9,0.312770186,0.3151773434,1269937.723,0.002407157333,2.512638465,2.512638465,0.18625,0.23115,0,0,-623099179.6,-458091827.4,0,-435523877.4,10,4.244466543
117,0,-458091827.4,-476069405.2,165007352.2,147029774.4,0.312770186,0.2786938235,-17977577.79,-0.0340763625,2.248755943,16.75124406,1,58.241445,0,0,-623099179.6,-458091827.4,0,-435523877.4,11,4.266941786
118,0,-458091827.4,-459644849.7,165007352.2,163454329.9,0.312770186,0.309826444,-1553022.33,-0.002943742061,2.157738034,2.157738034,0.13036,0.221675,0,0,-623099179.6,-458091827.4,0,-435523877.4,12,4.286468983
119,0,-458091827.4,-451444343,165007352.2,171654836.6,0.312770186,0.3253704424,6647484.433,0.01260025638,1.530354229,9.469645771,0.38752,0.700075,0,0,-623099179.6,-458091827.4,0,-435523877.4,13,4.314297199
120,0,-458091827.4,-454539199.3,165007352.2,168559980.3,0.312770186,0.3195041658,3552628.144,0.006733979733,1.656077711,1.656077711,0.13434,0.22145,0,0,-623099179.6,-458091827.4,0,-435523877.4,14,4.341180801
121,0,-458091827.4,-473628775.1,165007352.2,149470404.5,0.312770186,0.2833200194,-15536947.68,-0.02945016662,1.380223537,9.619776463,1,6.544265,0,0,-623099179.6,-458091827.4,0,-435523877.4,15,4.374203205
122,0,-466763963.8,-469727573.4,156335215.8,153371606.2,0.2963322172,0.2907147176,-2963609.625,-0.005617499593,3.258754684,3.258754684,0.23722,0.455765,0,0,-623099179.6,-458091827.4,0,-435523877.4,16,4.39955759
123,0,-467865867.6,-467204834,155233312,155894345.6,0.2942435668,0.2954965511,661033.6392,0.001252984255,1.066553682,1.066553682,0.044635,0.07683,0,0,-623099179.6,-458091827.4,0,-435523877.4,17,4.417652607
124,0,-466133106,-450633573.4,156966073.6,172465606.2,0.2975280033,0.3269072499,15499532.6,0.02937924663,0.7668648795,12.23313512,1,34.493175,0,0,-623099179.6,-458091827.4,0,-435523877.4,18,4.433507919
125,0,-458091827.4,-460197292.6,165007352.2,162901887,0.312770186,0.3087792926,-2105465.233,-0.003990893399,1.676822639,1.676822639,0.10666,0.16559,0,0,-623099179.6,-458091827.4,0,-435523877.4,19,4.450437069
126,0,-459396776.7,-454969627.2,163702402.9,168129552.4,0.3102966645,0.3186882929,4427149.514,0.008391628365,0.6217346485,25.37826535,1,134.41723,0,0,-623099179.6,-458091827.4,0,-435523877.4,20,4.471409559
127,0,-463520401.7,-462658717.1,159578777.9,160440462.5,0.3024803645,0.3041136812,861684.6302,0.001633316689,2.817302169,2.817302169,0.20375,0.47451,0,0,-623099179.6,-458091827.4,0,-435523877.4,21,4.488802195
128,0,-463052489.9,-471148582.1,160046689.6,151950597.5,0.3033672877,0.2880212065,-8096092.119,-0.01534608128,2.344923343,2.344923343,0.13434,0.27076,0,0,-623099179.6,-458091827.4,0,-435523877.4,22,4.506194592
129,0,-467855538,-468779561.3,155243641.6,154319618.3,0.2942631465,0.2925116673,-924023.3083,-0.001751479181,1.080672244,11.91932776,1,57.435005,0,0,-623099179.6,-458091827.4,0,-435523877.4,23,4.522013187
130,0,-462965463.1,-463267986.8,160133716.5,159831192.8,0.3035322465,0.3029588151,-302523.7294,-0.0005734314372,0.6805618098,0.6805618098,0.09139,0.09139,0,0,-623099179.6,-458091827.4,0,-435523877.4,24,4.538601875
131,0,-463829327.2,-464130038.9,159269852.4,158969140.7,0.3018947987,0.3013248018,-300711.7614,-0.0005699968655,0.5451924938,18.45480751,1,116.13036,0,0,-623099179.6,-458091827.4,0,-435523877.4,25,4.554986715
132,0,-461950001.5,-467815842.5,161149178.1,155283337.1,0.3054570462,0.2943383891,-5865840.97,-0.01111865712,1.564684548,1.564684548,0.14483,0.21324,0,0,-623099179.6,-458091827.4,0,-435523877.4,26,4.570839882
133,0,-466327450.4,-533145961.7,156771729.2,89953217.89,0.297159625,0.170505643,-66818511.32,-0.126653982,0.5798792114,340.5798792,1.45496,2256.39383,0,0,-623099179.6,-458091827.4,0,-435523877.4,27,4.58692193
134,0,-458091827.4,-472929456.3,165007352.2,150169723.3,0.312770186,0.2846455728,-14837628.9,-0.02812461318,10.15447625,10.15447625,0.09351,0.43855,0,0,-623099179.6,-458091827.4,0,-435523877.4,28,4.653847694
135,0,-469769770.5,-472356203.4,153329409.1,150742976.2,0.2906347333,0.2857321694,-2586432.868,-0.004902563907,2.968286918,2.968286918,0.08438,0.31106,0,0,-623099179.6,-458091827.4,0,-435523877.4,29,4.859285355
136,0,-469699114.8,-465726839.6,153400064.8,157372340,0.2907686607,0.2982980782,3972275.169,0.007529417491,2.761013266,10.23898673,1,3.63914,0,0,-623099179.6,-458091827.4,0,-435523877.4,30,4.875448465
137,0,-466064968.8,-467367305,157034210.8,155731874.6,0.2976571569,0.2951885885,-1302336.159,-0.002468568324,1.22727365,1.22727365,0.034915,0.102795,0,0,-623099179.6,-458091827.4,0,-435523877.4,31,4.908672571
138,0,-466293105.2,-448317371.5,156806074.4,174781808.1,0.2972247261,0.3312975932,17975733.75,0.03407286714,1.155801949,26.84419805,1,133.009185,0,0,-623099179.6,-458091827.4,0,-435523877.4,32,4.924371004
139,0,-462728602.4,-463037010.9,160370577.2,160062168.7,0.3039812142,0.3033966282,-308408.5068,-0.0005845859882,1.766089912,1.766089912,0.03398,0.10091,0,0,-623099179.6,-458091827.4,0,-435523877.4,33,4.942096472
140,0,-462732026.5,-473382660.3,160367153.1,149716519.3,0.3039747238,0.283786528,-10650633.81,-0.0201881957,0.716242945,18.28375705,1,93.816275,0,0,-623099179.6,-458091827.4,0,-435523877.4,34,4.961354733
141,0,-458091827.4,-457530694.3,165007352.2,165568485.3,0.312770186,0.3138338096,561133.1334,0.001063623603,1.318639548,1.318639548,0.044435,0.102085,0,0,-623099179.6,-458091827.4,0,-435523877.4,35,4.979795933
142,0,-458091827.4,-484973951.8,165007352.2,138125227.7,0.312770186,0.2618153228,-26882124.44,-0.05095486323,0.8404050451,19.15959495,1,82.720495,0,0,-623099179.6,-458091827.4,0,-435523877.4,36,5.003525972
143,0,-471507083.7,-472586210.8,151592095.9,150512968.8,0.2873416694,0.2852961922,-1079127.104,-0.00204547725,1.412596504,1.412596504,0.062,0.13266,0,0,-623099179.6,-458091827.4,0,-435523877.4,37,5.032375336
144,0,-472901466.2,-470137337.8,150197713.4,152961841.8,0.2846986278,0.2899380124,2764128.489,0.00523938461,0.9018046245,29.09819538,1,155.066105,0,0,-623099179.6,-458091827.4,0,-435523877.4,38,5.049964428
145,0,-460253845,-460111306.5,162845334.6,162987873.1,0.3086720981,0.3089422786,142538.4183,0.0002701804921,1.251222605,1.251222605,0.0368,0.136085,0,0,-623099179.6,-458091827.4,0,-435523877.4,39,5.076067686
146,0,-460166191,-472425455,162932988.6,150673724.6,0.3088382455,0.2856009035,-12259263.98,-0.023237342,1.134722099,16.8652779,1,86.91166,0,0,-623099179.6,-458091827.4,0,-435523877.4,40,5.092444181
147,0,-466924048.5,-469204364.1,156175131.1,153894815.5,0.2960287779,0.291706457,-2280315.6,-0.004322320944,1.613271844,1.613271844,0.03344,0.084555,0,0,-623099179.6,-458091827.4,0,-435523877.4,41,5.113578081
148,0,-468322581.9,-480329492.5,154776597.7,142769687.1,0.2933778684,0.2706188603,-12006910.6,-0.02275900809,0.5067887029,17.4932113,1,92.68077,0,0,-623099179.6,-458091827.4,0,-435523877.4,42,5.131278276
149,0,-465151314.4,-466145493,157947865.2,156953686.6,0.2993889819,0.297504524,-994178.5595,-0.001884457928,1.185362732,1.185362732,0.0368,0.122805,0,0,-623099179.6,-458091827.4,0,-435523877.4,43,5.147988558
150,0,-465934085.4,-473807127.5,157165094.2,149292052.1,0.2979052454,0.2829819537,-7873042.165,-0.01492329178,1.118026561,19.88197344,1,116.296615,0,0,-623099179.6,-458091827.4,0,-435523877.4,44,5.164112329
151,0,-467397394.4,-469070197.8,155701785.2,154028981.8,0.2951315542,0.2919607682,-1672803.316,-0.003170786013,1.759823542,1.759823542,0.03344,0.098095,0,0,-623099179.6,-458091827.4,0,-435523877.4,45,5.181186438
152,0,-467671568.2,-451950854.5,155427611.3,171148325.1,0.2946118598,0.3244103536,15720713.71,0.02979849375,0.6363951059,23.36360489,1,116.726435,0,0,-623099179.6,-458091827.4,0,-435523877.4,46,5.197708368
153,0,-458091827.4,-458238737,165007352.2,164860442.6,0.312770186,0.31249172,-146909.5682,-0.0002784659735,1.676225718,1.676225718,0.0368,0.11757,0,0,-623099179.6,-458091827.4,0,-435523877.4,47,5.21419692
154,0,-459019293.2,-470751774.9,164079886.4,152347404.7,0.3110121816,0.2887733514,-11732481.74,-0.02223883026,0.8821917495,13.11780825,1,49.7774,0,0,-623099179.6,-458091827.4,0,-435523877.4,48,5.237821579
155,0,-466918749.7,-647420226.3,156180429.9,-24321046.72,0.2960388217,-0.0461003598,-180501476.6,-0.3421391815,1.317073813,348.7357565,1.85924,2301.063905,0,0,-623099179.6,-458091827.4,0,-435523877.4,49,5.255479813
156,0,-455650748.5,-453954925.8,167448431.1,169144253.8,0.3173972326,0.3206116517,1695822.717,0.003214419113,3.213253397,3.213253397,0.06024,0.14939,0,0,-623099179.6,-455650748.5,0,-435523877.4,0,5.322084427
157,0,-458091827.4,-456014868.2,165007352.2,167084311.4,0.312770186,0.3167070465,2076959.212,0.003936860452,1.626357246,1.626357246,0.06024,0.09761,0,0,-623099179.6,-458091827.4,0,-435523877.4,1,5.434253216
158,0,-458091827.4,-460855251.6,165007352.2,162243928,0.312770186,0.3075321364,-2763424.206,-0.005238049647,1.139554981,8.860445019,1,16.34867,0,0,-623099179.6,-458091827.4,0,-435523877.4,2,5.452122927
159,0,-458091827.4,-452730201.5,165007352.2,170368978.1,0.312770186,0.3229331073,5361625.924,0.01016292132,1.458106033,1.458106033,0.0533,0.07034,0,0,-623099179.6,-458091827.4,0,-435523877.4,3,5.481740475
160,0,-458091827.4,-485719488,165007352.2,137379691.6,0.312770186,0.2604021646,-27627660.63,-0.05236802142,1.062712526,20.93728747,1,113.44254,0,0,-623099179.6,-458091827.4,0,-435523877.4,4,5.503292561
161,0,-476316648.1,-474632623.2,146782531.5,148466556.4,0.2782251765,0.2814172329,1684024.84,0.003192056327,1.866539164,1.866539164,0.17122,0.232425,0,0,-623099179.6,-458091827.4,0,-435523877.4,5,5.5246346
162,0,-477900957.1,-479180478.9,145198222.5,143918700.7,0.2752221307,0.2727968069,-1279521.738,-0.002425323762,0.4460869246,0.4460869246,0.0306,0.04527,0,0,-623099179.6,-458091827.4,0,-435523877.4,6,5.540940523
163,0,-478713222.3,-468837913.5,144385957.3,154261266.1,0.2736824883,0.2924010611,9875308.718,0.01871857286,0.2674829428,27.73251706,1,168.178675,0,0,-623099179.6,-458091827.4,0,-435523877.4,7,5.556512833
164,0,-468970273.5,-471502859.2,154128906.1,151596320.4,0.2921501739,0.2873496768,-2532585.752,-0.004800497107,1.42632387,1.42632387,0.05965,0.14679,0,0,-623099179.6,-458091827.4,0,-435523877.4,8,5.572533131
165,0,-472672393.9,-474646651,150426785.7,148452528.6,0.2851328327,0.2813906433,-1974257.077,-0.003742189333,0.7468405408,0.7468405408,0.0306,0.04527,0,0,-623099179.6,-458091827.4,0,-435523877.4,9,5.589607239
166,0,-474179394.4,-469504454.8,148919785.2,153594724.8,0.2822763247,0.2911376373,4674939.584,0.008861312565,0.2674829428,13.73251706,1,69.23895,0,0,-623099179.6,-458091827.4,0,-435523877.4,10,5.605201483
167,0,-469951398.1,-470578339,153147781.5,152520840.6,0.2902904596,0.2891020979,-626940.9189,-0.001188361762,1.623908622,1.623908622,0.12724,0.17251,0,0,-623099179.6,-458091827.4,0,-435523877.4,11,5.621076345
168,0,-472597642.2,-608957560.6,150501537.4,14141618.99,0.285274524,0.02680533165,-136359918.4,-0.2584691924,0.6562810983,345.6269473,1.6025,2326.146865,0,0,-623099179.6,-458091827.4,0,-435523877.4,12,5.637230635
169,0,-458091827.4,-468564940.3,165007352.2,154534239.3,0.312770186,0.2929184798,-10473112.92,-0.01985170619,9.992826347,9.992826347,0.21857,0.71445,0,0,-623099179.6,-458091827.4,0,-435523877.4,13,5.742541552
170,0,-464476277.8,-461906265.4,158622901.8,161192914.2,0.3006685087,0.3055399477,2570012.389,0.004871439014,1.432144526,1.432144526,0.12892,0.152285,0,0,-623099179.6,-458091827.4,0,-435523877.4,14,5.941128492
171,0,-458091827.4,-444284204.4,165007352.2,178814975.2,0.312770186,0.3389424308,13807623.01,0.02617224481,1.047076673,9.952923327,1,24.49818,0,0,-623099179.6,-458091827.4,0,-435523877.4,15,5.960639477
172,0,-458091827.4,-458876773.8,165007352.2,164222405.8,0.312770186,0.311282326,-784946.4414,-0.001487860033,0.7714099416,0.7714099416,0.01473,0.03549,0,0,-623099179.6,-458091827.4,0,-435523877.4,16,5.978884935
173,0,-458091827.4,-453225038,165007352.2,169874141.6,0.312770186,0.3219951485,4866789.439,0.009224962513,0.2763840436,14.72361596,1,70.25117,0,0,-623099179.6,-458091827.4,0,-435523877.4,17,5.996658325
174,0,-458091827.4,-450418955.6,165007352.2,172680224,0.312770186,0.3273140564,7672871.807,0.01454387038,2.445545293,2.445545293,0.25084,0.37303,0,0,-623099179.6,-458091827.4,0,-435523877.4,18,6.015443325
175,0,-458091827.4,-454966811.2,165007352.2,168132368.3,0.312770186,0.3186936305,3125016.152,0.005923444441,0.6425932942,0.6425932942,0.04239,0.060355,0,0,-623099179.6,-458091827.4,0,-435523877.4,19,6.032775164
176,0,-458091827.4,-469873240.1,165007352.2,153225939.5,0.312770186,0.2904386074,-11781412.73,-0.02233157858,0.6425932942,9.357406706,1,35.36949,0,0,-623099179.6,-458091827.4,0,-435523877.4,20,6.04454875
177,0,-463030417.2,-461654761.4,160068762.4,161444418.2,0.3034091264,0.3060166716,1375655.849,0.00260754524,0.97962242,0.97962242,0.08447,0.095375,0,0,-623099179.6,-458091827.4,0,-435523877.4,21,6.064338923
178,0,-463450104.3,-463272978.6,159649075.3,159826201,0.3026136128,0.3029493532,177125.6592,0.0003357403451,0.4942037607,28.50579624,1,170.627635,0,0,-623099179.6,-458091827.4,0,-435523877.4,22,6.080287933
179,0,-459628299.8,-458542186.4,163470879.8,164556993.2,0.3098578142,0.311916534,1086113.46,0.002058719835,0.8624649471,0.8624649471,0.0552,0.086575,0,0,-623099179.6,-458091827.4,0,-435523877.4,23,6.096334457
180,0,-458091827.4,-467076225.6,165007352.2,156022954,0.312770186,0.2957403272,-8984398.234,-0.01702985879,0.536517106,12.46348289,1,60.40294,0,0,-623099179.6,-458091827.4,0,-435523877.4,24,6.112774611
181,0,-458091827.4,-457585381.6,165007352.2,165513798,0.312770186,0.3137301502,506445.8049,0.0009599641865,0.4137073156,0.4137073156,0.01178,0.01427,0,0,-623099179.6,-458091827.4,0,-435523877.4,25,6.129516602
182,0,-458091827.4,-481816814,165007352.2,141282365.6,0.312770186,0.2677996537,-23724986.58,-0.04497053233,0.1810931594,19.81890684,1,119.190435,0,0,-623099179.6,-458091827.4,0,-435523877.4,26,6.146902084
183,0,-465656016.4,-466299475,157443163.2,156799704.6,0.2984323232,0.2972126521,-643458.6572,-0.00121967101,1.098489353,1.098489353,0.04838,0.079755,0,0,-623099179.6,-458091827.4,0,-435523877.4,27,6.16614151
184,0,-464564123.6,-447075423.9,158535056,176023755.7,0.3005019976,0.3336516954,17488699.73,0.03314969784,0.7007196257,22.29928037,1.13076,134.96879,0,0,-623099179.6,-458091827.4,0,-435523877.4,28,6.182496309
185,0,-461564466.1,-462099216,161534713.5,160999963.6,0.3061878256,0.3051742112,-534749.8868,-0.001013614359,0.43749763,0.43749763,0.031375,0.038025,0,0,-623099179.6,-458091827.4,0,-435523877.4,29,6.198550224
186,0,-462006641.8,-463727255.3,161092537.8,159371924.3,0.3053496849,0.3020882752,-1720613.432,-0.003261409726,0.3041347927,12.69586521,1,68.23651,0,0,-623099179.6,-458091827.4,0,-435523877.4,30,6.214461327
187,0,-458091827.4,-453385122.6,165007352.2,169714057,0.312770186,0.3216917093,4706704.793,0.008921523277,1.159837043,1.159837043,0.04081,0.05508,0,0,-623099179.6,-458091827.4,0,-435523877.4,31,6.23140049
188,0,-458091827.4,-494129940,165007352.2,128969239.6,0.312770186,0.2444602165,-36038112.64,-0.06830996949,0.9043860088,14.09561399,1,70.267305,0,0,-623099179.6,-458091827.4,0,-435523877.4,32,6.251242638
189,0,-475451304.1,-474466420.2,147647875.5,148632759.4,0.2798654295,0.2817322694,984883.896,0.001866839964,0.5127382929,0.5127382929,0.031375,0.038025,0,0,-623099179.6,-458091827.4,0,-435523877.4,33,6.272417307
190,0,-474373846,-468406953.7,148725333.6,154692225.9,0.2819077431,0.2932179423,5966892.341,0.01131019923,0.3041347927,19.69586521,1,119.71081,0,0,-623099179.6,-458091827.4,0,-435523877.4,34,6.288466454
191,0,-466135044.1,-465115974.6,156964135.5,157983205,0.2975243297,0.2994559683,1019069.533,0.001931638579,0.5456332631,0.5456332631,0.04081,0.074675,0,0,-623099179.6,-458091827.4,0,-435523877.4,35,6.304311752
192,0,-466126184.5,-473554880.7,156972995.1,149544298.9,0.2975411229,0.2834600857,-7428696.119,-0.01408103722,0.4796198561,19.52038014,1,116.72558,0,0,-623099179.6,-458091827.4,0,-435523877.4,36,6.320692301
193,0,-473889790.4,-473190178.6,149209389.2,149909000.9,0.2828252669,0.2841513756,699611.7144,0.001326108704,0.7162137156,0.7162137156,0.04054,0.071915,0,0,-623099179.6,-458091827.4,0,-435523877.4,37,6.336450815
194,0,-472594141.7,-461874219.2,150505037.9,161224960.4,0.2852811591,0.305600691,10719922.48,0.02031953184,0.4607153184,23.53928468,1,133.788215,0,0,-623099179.6,-458091827.4,0,-435523877.4,38,6.352395535
195,0,-463851643.1,-463182783.1,159247536.5,159916396.5,0.3018524991,0.303120318,668859.9257,0.001267818922,0.4325072926,0.4325072926,0.031375,0.047255,0,0,-623099179.6,-458091827.4,0,-435523877.4,39,6.368212223
196,0,-463799195.8,-473858191,159299983.8,149240988.6,0.3019519124,0.2828851634,-10058995.12,-0.01906674904,0.3587008914,19.64129911,1,111.95518,0,0,-623099179.6,-458091827.4,0,-435523877.4,40,6.384670258
197,0,-472490996.3,-468642323,150608183.3,154456856.6,0.2854766704,0.2927718016,3848673.32,0.007295131121,2.384868313,2.384868313,0.24899,0.365465,0,0,-623099179.6,-458091827.4,0,-435523877.4,41,6.400657415
198,0,-472594141.7,-555874777.5,150505037.9,67224402.06,0.2852811591,0.1274233448,-83280635.83,-0.1578578143,0.4607153184,346.4607153,1.616715,2214.520995,0,0,-623099179.6,-458091827.4,0,-435523877.4,42,6.417465687
199,0,-458091827.4,-460000007.2,165007352.2,163099172.4,0.312770186,0.3091532456,-1908179.826,-0.003616940405,9.014399971,9.014399971,0.29555,0.44524,0,0,-623099179.6,-458091827.4,0,-435523877.4,43,6.487219095
200,0,-458091827.4,-458313413.7,165007352.2,164785765.9,0.312770186,0.3123501708,-221586.3274,-0.000420015205,1.110111213,1.110111213,0.11617,0.156695,0,0,-623099179.6,-458091827.4,0,-435523877.4,44,6.660080671
201,0,-458091827.4,-470701036.6,165007352.2,152398143,0.312770186,0.2888695255,-12609209.19,-0.0239006605,1.110111213,14.88988879,1,57.513285,0,0,-623099179.6,-458091827.4,0,-435523877.4,45,6.676185131
202,0,-463600824.2,-469374842.2,159498355.4,153724337.4,0.3023279243,0.291383317,-5774017.986,-0.01094460735,2.485518611,2.485518611,0.11025,0.21003,0,0,-623099179.6,-458091827.4,0,-435523877.4,46,6.695730209
203,0,-461713747.8,-462893795.1,161385431.8,160205384.5,0.3059048633,0.3036680926,-1180047.272,-0.002236770665,1.072022063,1.072022063,0.042325,0.09149,0,0,-623099179.6,-458091827.4,0,-435523877.4,47,6.711797476
204,0,-461713747.8,-457296501.7,161385431.8,165802677.9,0.3059048633,0.3142777199,4417246.181,0.008372856672,1.072022063,19.92797794,1,110.906205,0,0,-623099179.6,-458091827.4,0,-435523877.4,48,6.723540306
205,0,-458091827.4,-454060803.7,165007352.2,169038375.9,0.312770186,0.3204109608,4031023.669,0.007640774827,1.036732699,1.036732699,0.03219,0.087255,0,0,-623099179.6,-458091827.4,0,-435523877.4,49,6.741116524
206,0,-456773201.3,-469634838.3,166325978.3,153464341.3,0.3152696318,0.2908904963,-12861637.02,-0.02437913553,0.7802074261,17.21979257,1,78.087415,0,0,-623099179.6,-456773201.3,0,-435523877.4,0,6.75880146
207,0,-463858395.2,-469721005,159240784.4,153378174.6,0.3018397004,0.290727168,-5862609.775,-0.01111253241,2.479003116,2.479003116,0.11025,0.21003,0,0,-623099179.6,-458091827.4,0,-435523877.4,1,6.776597261
208,0,-461971318.8,-463239957.9,161127860.8,159859221.7,0.3054166394,0.3030119437,-1268639.061,-0.002404695729,1.065506568,1.065506568,0.042325,0.09149,0,0,-623099179.6,-458091827.4,0,-435523877.4,2,6.792354822
209,0,-461971318.8,-458350441.8,161127860.8,164748737.7,0.3054166394,0.3122799843,3620876.979,0.006863344882,1.065506568,25.93449343,1,127.90275,0,0,-623099179.6,-458091827.4,0,-435523877.4,3,6.805914879
210,0,-466381628.6,-459520343.6,156717551,163578836,0.2970569307,0.3100624444,6861284.981,0.0130055137,2.046306721,2.046306721,0.26779,0.302725,0,0,-623099179.6,-458091827.4,0,-435523877.4,4,6.823326588
211,0,-463591796.6,-464068199.3,159507383,159030980.3,0.302345036,0.3014420185,-476402.6247,-0.0009030175659,0.6838155967,0.6838155967,0.05934,0.094275,0,0,-623099179.6,-458091827.4,0,-435523877.4,5,6.839170694
212,0,-463591796.6,-467590546.6,159507383,155508633,0.302345036,0.2947654357,-3998749.983,-0.0075796003,0.6838155967,12.3161844,1,47.100885,0,0,-623099179.6,-458091827.4,0,-435523877.4,6,6.850898743
213,0,-459719642.6,-458970759,163379537,164128420.6,0.3096846747,0.3111041778,748883.546,0.001419503088,1.535741297,1.535741297,0.05961,0.16096,0,0,-623099179.6,-458091827.4,0,-435523877.4,7,6.867673874
214,0,-458830365,-468630252,164268814.6,154468927.6,0.3113702936,0.2927946821,-9799886.98,-0.01857561153,1.38569051,14.61430949,1,83.518575,0,0,-623099179.6,-458091827.4,0,-435523877.4,8,6.883783102
215,0,-458333454.3,-457717653.1,164765725.3,165381526.5,0.312312184,0.3134794306,615801.238,0.001167246581,0.4295957238,0.4295957238,0.01996,0.041595,0,0,-623099179.6,-458091827.4,0,-435523877.4,9,6.900424719
216,0,-458333454.3,-469175400.9,164765725.3,153923778.6,0.312312184,0.2917613563,-10841946.62,-0.02055082769,0.4295957238,17.57040428,1,104.100885,0,0,-623099179.6,-458091827.4,0,-435523877.4,10,6.914003611
217,0,-459719642.6,-584877003.6,163379537,38222176,0.3096846747,0.07244984505,-125157361,-0.2372348297,1.535741297,350.5767812,1,2436.41705,0,0,-623099179.6,-458091827.4,0,-435523877.4,11,6.930865288
218,0,-458091827.4,-466441542,165007352.2,156657637.6,0.312770186,0.2969433652,-8349714.617,-0.0158268208,6.694836813,6.694836813,0.17051,0.31117,0,0,-623099179.6,-458091827.4,0,-435523877.4,12,7.020111322
219,0,-464121136.6,-462461604.3,158978043,160637575.3,0.3013416761,0.304487307,1659532.299,0.0031456309,1.300737808,1.300737808,0.05743,0.10885,0,0,-623099179.6,-458091827.4,0,-435523877.4,13,7.178127289
220,0,-461707711.1,-463672267,161391468.5,159426912.6,0.3059163058,0.3021925051,-1964555.836,-0.003723800704,1.050773498,17.9492265,1,102.2969,0,0,-623099179.6,-458091827.4,0,-435523877.4,14,7.194134712
221,0,-458964884.4,-458372753.4,164134295.2,164726426.2,0.311115313,0.3122376929,592131.0058,0.001122379836,1.758593472,1.758593472,0.13983,0.13983,0,0,-623099179.6,-458091827.4,0,-435523877.4,15,7.21011591
222,0,-459120515.5,-458843380.6,163978664.1,164255799,0.3108203154,0.3113456226,277134.9,0.0005253071035,1.49575483,9.50424517,1,30.97139,0,0,-623099179.6,-458091827.4,0,-435523877.4,16,7.22636199
223,0,-459259720,-459637406.6,163839459.6,163461773,0.3105564544,0.3098405524,-377686.5596,-0.0007159020124,0.8915948282,0.8915948282,0.05743,0.06526,0,0,-623099179.6,-458091827.4,0,-435523877.4,17,7.242001534
224,0,-459453241.2,-463818794.6,163645938.4,159280385,0.3101896365,0.3019147631,-4365553.404,-0.008274873405,0.8490426574,14.15095734,1,70.2889,0,0,-623099179.6,-458091827.4,0,-435523877.4,18,7.257670164
225,0,-458964884.4,-592534344.3,164134295.2,30564835.34,0.311115313,0.05793541384,-133569459.8,-0.2531798992,1.758593472,339.12643,2.042095,2128.27366,0,0,-623099179.6,-458091827.4,0,-435523877.4,19,7.273674965
226,0,-459014066.7,-464261390.5,164085112.9,158837789.1,0.3110220884,0.3010758259,-5247323.794,-0.009946262499,5.496889757,5.496889757,0.08767,0.14287,0,0,-623099179.6,-458091827.4,0,-435523877.4,20,7.348950386
227,0,-464170063.3,-464462806.4,158929116.3,158636373.2,0.3012489359,0.3006940437,-292743.028,-0.0005548921918,0.6767923426,0.6767923426,0.05506,0.0552,0,0,-623099179.6,-458091827.4,0,-435523877.4,21,7.471063137
228,0,-464210972.6,-462958585.3,158888207,160140594.3,0.3011713926,0.3035452833,1252387.358,0.00237389075,0.4736836756,19.52631632,1,117.59176,0,0,-623099179.6,-458091827.4,0,-435523877.4,22,7.486653566
229,0,-459884358.3,-459667606.2,163214821.3,163431573.4,0.3093724574,0.3097833093,216752.0912,0.0004108519469,0.4290661647,0.4290661647,0.03465,0.042375,0,0,-623099179.6,-458091827.4,0,-435523877.4,23,7.502361536
230,0,-459884358.3,-461623700.7,163214821.3,161475478.9,0.3093724574,0.3060755469,-1739342.459,-0.003296910455,0.4290661647,27.57093384,1,164.561155,0,0,-623099179.6,-458091827.4,0,-435523877.4,24,7.518037796
231,0,-458351266.9,-458610060.2,164747912.7,164489119.4,0.3122784205,0.3117878796,-258793.3505,-0.0004905408354,1.013037258,1.013037258,0.05506,0.09112,0,0,-623099179.6,-458091827.4,0,-435523877.4,25,7.534164667
232,0,-458351266.9,-461728403.4,164747912.7,161370776.2,0.3122784205,0.3058770838,-3377136.499,-0.00640133665,1.013037258,21.98696274,1,124.648805,0,0,-623099179.6,-458091827.4,0,-435523877.4,26,7.549888134
233,0,-459153405.7,-459118402.7,163945773.9,163980776.9,0.3107579723,0.3108243203,35003.0292,6.634797668e-05,0.8027079453,0.8027079453,0.03731,0.079685,0,0,-623099179.6,-458091827.4,0,-435523877.4,27,7.56643486
234,0,-459153405.7,-459660381.6,163945773.9,163438798,0.3107579723,0.3097970035,-506975.8551,-0.0009609688925,0.8027079453,21.19729205,1,118.79861,0,0,-623099179.6,-458091827.4,0,-435523877.4,28,7.582169533
235,0,-464064866.2,-464416654.5,159034313.4,158682525.1,0.3014483362,0.3007815241,-351788.3086,-0.0006668120739,0.9364921735,0.9364921735,0.03753,0.07359,0,0,-623099179.6,-458091827.4,0,-435523877.4,29,7.598778963
236,0,-464207302.6,-449071416.5,158891877,174027763.1,0.3011783491,0.3298683066,15135886.12,0.02868995747,0.685681037,21.31431896,1,104.1119,0,0,-623099179.6,-458091827.4,0,-435523877.4,30,7.616224527
237,0,-458091827.4,-460618830.8,165007352.2,162480348.8,0.312770186,0.3079802703,-2527003.378,-0.004789915759,1.184301974,1.184301974,0.03465,0.042375,0,0,-623099179.6,-458091827.4,0,-435523877.4,31,7.635043621
238,0,-460831337.6,-477230645.5,162267842,145868534.1,0.3075774652,0.2764927013,-16399307.91,-0.03108476391,0.4606317759,17.53936822,1,98.30669,0,0,-623099179.6,-458091827.4,0,-435523877.4,32,7.656716824
239,0,-464856251.7,-465878009.9,158242927.9,157221169.7,0.2999482711,0.2980115361,-1021758.206,-0.001936734939,0.9645197057,0.9645197057,0.04938,0.090635,0,0,-623099179.6,-458091827.4,0,-435523877.4,33,7.672616482
240,0,-465712418.6,-456556344.1,157386761,166542835.5,0.2983254131,0.3156806829,9156074.464,0.01735526978,0.7931838337,26.20681617,1,148.1904,0,0,-623099179.6,-458091827.4,0,-435523877.4,34,7.688786983
241,0,-458091827.4,-454657315.4,165007352.2,168441864.2,0.312770186,0.3192802775,3434511.978,0.006510091435,2.16015297,2.16015297,0.1135,0.21634,0,0,-623099179.6,-458091827.4,0,-435523877.4,35,7.706085205
242,0,-458091827.4,-454508225.6,165007352.2,168590954,0.312770186,0.3195628761,3583601.788,0.006792690041,1.296945752,1.296945752,0.1135,0.17728,0,0,-623099179.6,-458091827.4,0,-435523877.4,36,7.725737572
243,0,-458091827.4,-473822244.4,165007352.2,149276935.2,0.312770186,0.2829532997,-15730417.02,-0.0298168863,1.110340242,19.88965976,1,118.24084,0,0,-623099179.6,-458091827.4,0,-435523877.4,37,7.743016243
244,0,-465729214.7,-605635202.9,157369964.9,17463976.66,0.2982935762,0.03310283546,-139905988.2,-0.2651907408,0.90584155,327.2063672,1.192355,2254.416955,0,0,-623099179.6,-458091827.4,0,-435523877.4,38,7.759775639
245,0,-458091827.4,-458708879.1,165007352.2,164390300.5,0.312770186,0.3116005691,-617051.7377,-0.001169616894,7.846026481,7.846026481,0.13893,0.22604,0,0,-623099179.6,-458091827.4,0,-435523877.4,39,7.817544699
246,0,-458091827.4,-458335459.9,165007352.2,164763719.7,0.312770186,0.3123083824,-243632.5133,-0.0004618035833,1.342112609,1.342112609,0.042415,0.07133,0,0,-623099179.6,-458091827.4,0,-435523877.4,40,7.953409433
247,0,-458091827.4,-445476289.3,165007352.2,177622890.3,0.312770186,0.336682843,12615538.14,0.02391265697,0.8718298961,10.1281701,1,17.812725,0,0,-623099179.6,-458091827.4,0,-435523877.4,41,7.972816229
248,0,-458091827.4,-458683496.7,165007352.2,164415682.9,0.312770186,0.3116486814,-591669.2707,-0.00112150462,0.8832621677,0.8832621677,0.07873,0.11846,0,0,-623099179.6,-458091827.4,0,-435523877.4,42,8.001168966
249,0,-458091827.4,-457178803.2,165007352.2,165920376.4,0.312770186,0.3145008165,913024.2377,0.001730630526,0.7418469762,10.25815302,1,38.22004,0,0,-623099179.6,-458091827.4,0,-435523877.4,43,8.024553299
250,0,-458091827.4,-461576233.5,165007352.2,161522946.1,0.312770186,0.3061655206,-3484406.112,-0.006604665389,1.801285569,1.801285569,0.10026,0.20651,0,0,-623099179.6,-458091827.4,0,-435523877.4,44,8.042716026
251,0,-459954722.6,-461404230.1,163144457,161694949.5,0.3092390822,0.3064915517,-1449507.511,-0.002747530505,0.5983491669,0.5983491669,0.0742,0.11393,0,0,-623099179.6,-458091827.4,0,-435523877.4,45,8.063048601
252,0,-459923898.8,-472641249,163175280.8,150457930.6,0.3092975085,0.2851918675,-12717350.23,-0.02410564102,0.5676814825,14.43231852,1,70.72458,0,0,-623099179.6,-458091827.4,0,-435523877.4,46,8.078664303
253,0,-461071665.7,-458241685.6,162027513.9,164857494,0.3071219251,0.312486131,2829980.109,0.005364205856,2.099219776,2.099219776,0.13379,0.2304,0,0,-623099179.6,-458091827.4,0,-435523877.4,47,8.094456673
254,0,-461071522.9,-462789541.2,162027656.7,160309638.4,0.3071221958,0.303865705,-1718018.333,-0.003256490734,0.7404222205,0.7404222205,0.08893,0.12866,0,0,-623099179.6,-458091827.4,0,-435523877.4,48,8.110769749
255,0,-461546053.3,-465454491.1,161553126.3,157644688.5,0.306222727,0.2988143128,-3908437.798,-0.007408414236,0.6360806518,20.36391935,1,115.41717,0,0,-623099179.6,-458091827.4,0,-435523877.4,49,8.126312733
256,0,-461157417.2,-607512403.2,161941762.4,15586776.43,0.3069593837,0.02954461664,-146354985.9,-0.2774147671,1.863756617,346.1936323,1.37378,2169.761175,0,0,-623099179.6,-441713787.1,0,-435523877.4,0,8.142304897
257,0,-458091827.4,-455407398.7,165007352.2,167691780.9,0.312770186,0.3178585003,2684428.706,0.005088314275,9.285169005,9.285169005,0.18914,0.351105,0,0,-623099179.6,-458091827.4,0,-435523877.4,1,8.219283819
258,0,-458091827.4,-456485321.6,165007352.2,166613858,0.312770186,0.3158153057,1606505.842,0.003045119654,1.127668947,1.127668947,0.04807,0.09332,0,0,-623099179.6,-458091827.4,0,-435523877.4,2,8.411655903
259,0,-458091827.4,-486428069.4,165007352.2,136671110.2,0.312770186,0.259059054,-28336241.98,-0.05371113201,0.9050139845,17.11542506,1,2.09296,0,0,-623099179.6,-458091827.4,0,-435523877.4,3,8.437229633
260,0,-467790481.3,-474531223.1,155308698.3,148567956.5,0.2943864611,0.2816094361,-6740741.789,-0.01277702499,2.562428783,2.562428783,0.11701,0.23919,0,0,-623099179.6,-458091827.4,0,-435523877.4,4,8.468929052
261,0,-470494110.2,-471272975.1,152605069.4,151826204.5,0.2892617529,0.2877854204,-778864.894,-0.001476332506,1.69085048,1.69085048,0.09314,0.12218,0,0,-623099179.6,-458091827.4,0,-435523877.4,5,8.4862113
262,0,-469000244,-472811109.9,154098935.6,150288069.7,0.292093365,0.2848698975,-3810865.932,-0.007223467503,1.232362883,11.76763712,1,31.497695,0,0,-623099179.6,-458091827.4,0,-435523877.4,6,8.499902248
263,0,-459911741.1,-462254896.2,163187438.5,160844283.4,0.3093205534,0.3048791206,-2343155.142,-0.00444143282,1.983734433,1.983734433,0.09355,0.1637,0,0,-623099179.6,-458091827.4,0,-435523877.4,7,8.517134666
264,0,-461251903.4,-465642694.5,161847276.2,157456485.1,0.3067802858,0.2984575746,-4390791.059,-0.008322711189,1.357650752,23.64234925,1,124.071735,0,0,-623099179.6,-458091827.4,0,-435523877.4,8,8.533925772
265,0,-459262876.8,-461223935.9,163836302.8,161875243.7,0.3105504708,0.3068332981,-1961059.098,-0.003717172664,1.432307031,1.432307031,0.07156,0.093515,0,0,-623099179.6,-458091827.4,0,-435523877.4,9,8.552505016
266,0,-459818010.4,-454128190.8,163281169.2,168970988.8,0.3094982192,0.3202832292,5689819.651,0.01078501004,0.5753393639,26.42466064,1,149.582045,0,0,-623099179.6,-458091827.4,0,-435523877.4,10,8.569869041
267,0,-458091827.4,-460208786.1,165007352.2,162890393.5,0.312770186,0.3087575069,-2116958.656,-0.004012679095,3.355548083,3.355548083,0.1972,0.324435,0,0,-623099179.6,-458091827.4,0,-435523877.4,11,8.593649387
268,0,-458091827.4,-458455707.1,165007352.2,164643472.5,0.312770186,0.3120804548,-363879.7016,-0.0006897312177,2.667358203,21.3326418,1,125.474475,0,0,-623099179.6,-458091827.4,0,-435523877.4,12,8.612387419
269,0,-458091827.4,-460876923,165007352.2,162222256.6,0.312770186,0.3074910584,-2785095.597,-0.005279127604,1.129636773,1.129636773,0.09572,0.127235,0,0,-623099179.6,-458091827.4,0,-435523877.4,13,8.632484436
270,0,-460328033.2,-457764717.1,162771146.4,165334462.5,0.3085314749,0.3133902211,2563316.081,0.004858746213,0.7037099975,18.29629,1,104.70603,0,0,-623099179.6,-458091827.4,0,-435523877.4,14,8.650120497
271,0,-458091827.4,-454498905.6,165007352.2,168600274,0.312770186,0.3195805422,3592921.845,0.006810356138,3.363482607,3.363482607,0.18741,0.296305,0,0,-623099179.6,-458091827.4,0,-435523877.4,15,8.668133259
272,0,-458091827.4,-457323103.3,165007352.2,165776076.3,0.312770186,0.3142272967,768724.1082,0.001457110723,2.664059725,2.664059725,0.1878,0.296695,0,0,-623099179.6,-458091827.4,0,-435523877.4,16,8.689079046
273,0,-458091827.4,-478967696,165007352.2,144131483.6,0.312770186,0.2732001353,-20875868.59,-0.03957005076,2.392294721,15.60770528,1.20057,61.039925,0,0,-623099179.6,-458091827.4,0,-435523877.4,17,8.707849026
274,0,-469548916.2,-470744509.7,153550263.4,152354669.9,0.291053361,0.2887871225,-1195593.516,-0.002266238451,0.8507646618,0.8507646618,0.05372,0.115515,0,0,-623099179.6,-458091827.4,0,-435523877.4,18,8.725466967
275,0,-469923637.4,-470607363.3,153175542.2,152491816.3,0.2903430798,0.2890470826,-683725.9024,-0.001295997268,0.7180823219,11.28191768,1,32.4925,0,0,-623099179.6,-458091827.4,0,-435523877.4,19,8.741161346
276,0,-462813903.1,-456866514.4,160285276.5,166232665.1,0.3038195273,0.3150927574,5947388.644,0.01127323012,3.027469865,3.027469865,0.1878,0.196165,0,0,-623099179.6,-458091827.4,0,-435523877.4,20,8.757127285
277,0,-460822244.6,-479842571,162276935,143256608.6,0.307594701,0.2715418163,-19020326.45,-0.03605288469,1.498325162,24.50167484,1,126.724945,0,0,-623099179.6,-458091827.4,0,-435523877.4,21,8.773535013
278,0,-470326874.8,-471409935.8,152772304.8,151689243.8,0.2895787464,0.2875258124,-1083061.03,-0.002052933977,0.942109401,0.942109401,0.0413,0.069785,0,0,-623099179.6,-458091827.4,0,-435523877.4,22,8.789780617
279,0,-471094758.3,-470980038.2,152004421.3,152119141.4,0.288123229,0.2883406801,114720.1465,0.0002174511687,0.3621584705,20.63784153,1,115.36318,0,0,-623099179.6,-458091827.4,0,-435523877.4,23,8.806515694
280,0,-462802187,-464885060.2,160296992.6,158214119.4,0.3038417351,0.2998936647,-2082873.202,-0.003948070375,3.095585351,286.6089726,1.041845,1825.544505,0,0,-623099179.6,-458091827.4,0,-435523877.4,24,8.82303977
281,0,-458091827.4,-464094389.5,165007352.2,159004790.1,0.312770186,0.301392375,-6002562.108,-0.011377811,4.293180983,4.293180983,0.096235,0.213985,0,0,-623099179.6,-458091827.4,0,-435523877.4,25,8.904480219
282,0,-464778662.7,-464266392.9,158320516.9,158832786.7,0.3000953404,0.3010663439,512269.8069,0.0009710035381,0.8572807917,0.8572807917,0.07796,0.11775,0,0,-623099179.6,-458091827.4,0,-435523877.4,26,9.03096962
283,0,-464802017.7,-469402880,158297161.9,153696299.6,0.3000510712,0.2913301715,-4600862.343,-0.008720899717,0.7214988331,20.27850117,1,122.09797,0,0,-623099179.6,-458091827.4,0,-435523877.4,27,9.046593428
284,0,-458091827.4,-456018114.1,165007352.2,167081065.5,0.312770186,0.3167008939,2073713.312,0.003930707873,1.307021652,1.307021652,0.05069,0.076455,0,0,-623099179.6,-458091827.4,0,-435523877.4,28,9.063493967
285,0,-458091827.4,-493256449.4,165007352.2,129842730.2,0.312770186,0.2461159114,-35164622.02,-0.06665427463,0.5168375872,18.48316241,1,90.30098,0,0,-623099179.6,-458091827.4,0,-435523877.4,29,9.080997705
286,0,-479075478,-483789426.2,144023701.6,139309753.4,0.2729958352,0.2640605822,-4713948.13,-0.008935252968,1.450469169,1.450469169,0.13717,0.241535,0,0,-623099179.6,-458091827.4,0,-435523877.4,30,9.100976944
287,0,-480075877.8,-482646288,143023301.8,140452891.6,0.271099585,0.266227392,-2570410.169,-0.004872193003,0.9576517481,17.04234825,1,112.228915,0,0,-623099179.6,-458091827.4,0,-435523877.4,31,9.120604753
288,0,-475553106.1,-477757436,147546073.5,145341743.6,0.2796724646,0.275494174,-2204329.877,-0.004178290582,1.246328604,1.246328604,0.078385,0.13962,0,0,-623099179.6,-458091827.4,0,-435523877.4,32,9.137569666
289,0,-475655941.3,-480744464,147443238.3,142354715.6,0.2794775412,0.269832285,-5088522.721,-0.009645256269,1.085050971,17.91494903,1,110.258455,0,0,-623099179.6,-458091827.4,0,-435523877.4,33,9.153088331
290,0,-474205746.6,-471894865.3,148893433,151204314.3,0.2822263742,0.2866066323,2310881.372,0.004380258134,1.335745032,1.335745032,0.0588,0.09758,0,0,-623099179.6,-458091827.4,0,-435523877.4,34,9.169414282
291,0,-474309399.3,-486071211.9,148789780.3,137027967.7,0.2820299013,0.2597354747,-11761812.58,-0.02229442665,0.6170065356,16.38299346,1,101.224435,0,0,-623099179.6,-458091827.4,0,-435523877.4,35,9.186160088
292,0,-476359292.3,-483423967.1,146739887.3,139675212.4,0.2781443446,0.264753307,-7064674.813,-0.01339103759,1.70705725,1.70705725,0.13717,0.306605,0,0,-623099179.6,-458091827.4,0,-435523877.4,36,9.20323348
293,0,-476462127.5,-474773370.3,146637052.1,148325809.2,0.2779494213,0.2811504477,1688757.18,0.003201026442,1.545779616,25.45422038,1,141.60065,0,0,-623099179.6,-458091827.4,0,-435523877.4,37,9.219068527
294,0,-474758984.8,-472709381.2,148340194.8,150389798.4,0.2811777155,0.2850627236,2049603.636,0.003885008165,1.462727633,1.462727633,0.07122,0.11,0,0,-623099179.6,-458091827.4,0,-435523877.4,38,9.235620022
295,0,-475335908.2,-477936878.1,147763271.4,145162301.5,0.2800841616,0.2751540427,-2600969.952,-0.00493011884,0.6787983117,9.321201688,1,26.176355,0,0,-623099179.6,-458091827.4,0,-435523877.4,39,9.254167557
296,0,-467797978.8,-470946028.1,155301200.8,152153151.5,0.2943722496,0.288405146,-3148049.3,-0.0059671036,1.099836753,1.099836753,0.078385,0.10415,0,0,-623099179.6,-458091827.4,0,-435523877.4,40,9.270343542
297,0,-467719074.3,-467159816.5,155380105.3,155939363.1,0.2945218124,0.2955818814,559257.8166,0.001060068955,0.8985974981,26.1014025,1,146.667035,0,0,-623099179.6,-458091827.4,0,-435523877.4,41,9.286202192
298,0,-462908113,-465973599.7,160191066.6,157125579.9,0.3036409532,0.2978303463,-3065486.751,-0.005810606913,1.221976763,1.221976763,0.021345,0.03878,0,0,-623099179.6,-458091827.4,0,-435523877.4,42,9.302597046
299,0,-464407661.8,-464037410.1,158691517.7,159061769.5,0.3007985697,0.301500379,370251.7089,0.0007018093093,0.3334314988,14.6665685,1,91.672995,0,0,-623099179.6,-458091827.4,0,-435523877.4,43,9.319416523
300,0,-458091827.4,-453892745.5,165007352.2,169206434.1,0.312770186,0.320729514,4199081.901,0.007959327931,0.9412668894,0.9412668894,0.07796,0.095395,0,0,-623099179.6,-458091827.4,0,-435523877.4,44,9.335943222
301,0,-458091827.4,-482183513.2,165007352.2,140915666.4,0.312770186,0.267104578,-24091685.83,-0.04566560797,0.7644011792,14.23559882,1,71.87922,0,0,-623099179.6,-458091827.4,0,-435523877.4,45,9.351699352
302,0,-469102687.6,-472454646.8,153996492,150644532.8,0.2918991839,0.2855455706,-3351959.231,-0.006353613328,2.184342969,2.184342969,0.12475,0.23462,0,0,-623099179.6,-458091827.4,0,-435523877.4,46,9.373137236
303,0,-470774641.1,-463732983.9,152324538.5,159366195.7,0.2887300087,0.3020774166,7041657.19,0.01334740786,1.001685344,11.99831466,1,31.021785,0,0,-623099179.6,-458091827.4,0,-435523877.4,47,9.391341925
304,0,-458091827.4,-462088972.3,165007352.2,161010207.3,0.312770186,0.3051936281,-3997144.91,-0.007576557895,1.740145023,1.740145023,0.078385,0.09582,0,0,-623099179.6,-458091827.4,0,-435523877.4,48,9.408086538
305,0,-458704489.4,-446240790.3,164394690.2,176858389.3,0.3116088898,0.3352337371,12463699.17,0.02362484736,0.8586358766,20.14136412,1,117.99293,0,0,-623099179.6,-458091827.4,0,-435523877.4,49,9.425323963
306,0,-451862705.5,-455107726.1,171236474.1,167991453.5,0.3245774394,0.3184265275,-3245020.565,-0.006150911897,1.261453349,1.261453349,0.021345,0.03878,0,0,-623099179.6,-439759629.9,0,-435523877.4,0,9.441388369
307,0,-458091827.4,-471391275.8,165007352.2,151707903.8,0.312770186,0.2875611823,-13299448.4,-0.02520900369,0.6088144083,19.39118559,1,114.74094,0,0,-623099179.6,-458091827.4,0,-435523877.4,1,9.46066165
308,0,-460127300.2,-561063206.6,162971879.4,62035972.95,0.3089119627,0.1175887167,-100935906.4,-0.1913232459,1.415200782,331.7861507,1.642055,2145.23247,0,0,-623099179.6,-458091827.4,0,-435523877.4,2,9.491115093
309,0,-461936001.9,-474862864.1,161163177.7,148236315.5,0.3054835823,0.280980813,-12926862.16,-0.02450276929,8.199011794,8.199011794,0.120105,0.3621,0,0,-623099179.6,-458091827.4,0,-435523877.4,3,9.557542801
310,0,-471020737.9,-472093866.2,152078441.7,151005313.4,0.2882635341,0.2862294276,-1073128.275,-0.002034106516,4.017799105,4.017799105,0.120105,0.25949,0,0,-623099179.6,-458091827.4,0,-435523877.4,4,9.730350971
311,0,-471003481,-461219930.3,152095698.6,161879249.3,0.2882962444,0.3068408907,9783550.734,0.0185446463,3.987351991,16.44104004,1,7.12256,0,0,-623099179.6,-458091827.4,0,-435523877.4,5,9.745951891
312,0,-459073357.4,-465331896.8,164025822.2,157767282.8,0.3109097034,0.2990466893,-6258539.445,-0.01186301411,2.271961679,2.271961679,0.0785,0.10165,0,0,-623099179.6,-458091827.4,0,-435523877.4,6,9.766998768
313,0,-461740862.3,-466509055.7,161358317.3,156590123.9,0.305853468,0.2968153935,-4768193.38,-0.009038074428,0.9098810541,11.09011895,1,38.191715,0,0,-623099179.6,-458091827.4,0,-435523877.4,7,9.784278393
314,0,-458091827.4,-453906244.3,165007352.2,169192935.3,0.312770186,0.3207039271,4185583.098,0.007933741053,1.144974826,1.144974826,0.077145,0.077145,0,0,-623099179.6,-458091827.4,0,-435523877.4,8,9.800785303
315,0,-458091827.4,-460887490.5,165007352.2,162211689.1,0.312770186,0.3074710277,-2795663.139,-0.005299158301,0.3960788241,0.3960788241,0.02315,0.02315,0,0,-623099179.6,-458091827.4,0,-435523877.4,9,9.817044735
316,0,-459389452.3,-459551676.8,163709727.2,163547502.8,0.3103105478,0.3100030525,-162224.4761,-0.0003074952654,0.2145803402,14.78541966,1,98.077145,0,0,-623099179.6,-458091827.4,0,-435523877.4,10,9.833289146
317,0,-458091827.4,-624274594.4,165007352.2,-1175414.829,0.312770186,-0.002227989904,-166182767,-0.3149981759,1.18201185,313.7280344,1.397655,2070.01849,0,0,-623099179.6,-458091827.4,0,-435523877.4,11,9.850046873
318,0,-458091827.4,-457077896.1,165007352.2,166021283.5,0.312770186,0.3146920851,1013931.31,0.001921899118,11.58740003,11.58740003,0.377405,0.959345,0,0,-623099179.6,-458091827.4,0,-435523877.4,12,9.916353464
319,0,-458091827.4,-471957310,165007352.2,151141869.6,0.312770186,0.2864882689,-13865482.56,-0.02628191715,5.615044948,5.615044948,0.23716,0.28754,0,0,-623099179.6,-458091827.4,0,-435523877.4,13,10.07671714
320,0,-463339181.1,-432062558.5,159759998.5,191036621.1,0.3028238669,0.362108468,31276622.56,0.05928460113,2.25262935,17.74737065,1,78.47739,0,0,-623099179.6,-458091827.4,0,-435523877.4,14,10.11431003
321,0,-458091827.4,-460420541,165007352.2,162678638.6,0.312770186,0.308356127,-2328713.615,-0.004414059016,3.18726181,3.18726181,0.14322,0.319195,0,0,-623099179.6,-458091827.4,0,-435523877.4,15,10.13434887
322,0,-458482922.6,-472297149,164616257,150802030.6,0.312028868,0.2858441065,-13814226.39,-0.02618476146,2.791386114,13.20861389,1,14.864855,0,0,-623099179.6,-458091827.4,0,-435523877.4,16,10.16019702
323,0,-458091827.4,-453889758.5,165007352.2,169209421.1,0.312770186,0.3207351758,4202068.892,0.007964989751,1.100455573,1.100455573,0.05202,0.08018,0,0,-623099179.6,-458091827.4,0,-435523877.4,17,10.17978096
324,0,-458091827.4,-492841153.5,165007352.2,130258026.1,0.312770186,0.2469031016,-34749326.11,-0.06586708439,1.006677561,22.99332244,1,113.873445,0,0,-623099179.6,-458091827.4,0,-435523877.4,18,10.19695759
325,0,-474916394.3,-473647362.4,148182785.3,149451817.2,0.2808793469,0.2832847873,1269031.961,0.002405440468,1.84550381,1.84550381,0.0342,0.087675,0,0,-623099179.6,-458091827.4,0,-435523877.4,19,10.22210836
326,0,-470920595.1,-467716894.7,152178584.5,155382284.9,0.2884533541,0.294525944,3203700.432,0.006072589899,1.006874428,12.99312557,1,57.373635,0,0,-623099179.6,-458091827.4,0,-435523877.4,20,10.24192333
327,0,-458556128.8,-457336563.3,164543050.8,165762616.2,0.3118901063,0.3142017833,1219565.42,0.002311677014,1.351120506,1.351120506,0.21839,0.246,0,0,-623099179.6,-458091827.4,0,-435523877.4,21,10.25850868
328,0,-458556128.8,-469072010.5,164543050.8,154027169.1,0.3118901063,0.2919573321,-10515881.75,-0.01993277419,1.351120506,13.64887949,1,66.277575,0,0,-623099179.6,-458091827.4,0,-435523877.4,22,10.27426624
329,0,-461098245.6,-461732418.4,162000934,161366761.2,0.3070715431,0.3058694733,-634172.7997,-0.001202069737,1.182621817,1.182621817,0.07597,0.103755,0,0,-623099179.6,-458091827.4,0,-435523877.4,23,10.29036474
330,0,-463787457.2,-464876210.2,159311722.4,158222969.4,0.3019741628,0.2999104399,-1088752.931,-0.002063722932,0.5981121339,0.5981121339,0.02466,0.04151,0,0,-623099179.6,-458091827.4,0,-435523877.4,24,10.30402613
331,0,-464470025.3,-468457403.8,158629154.3,154641775.8,0.3006803603,0.2931223144,-3987378.55,-0.007558045834,0.3809959604,16.61900404,1,72.34405,0,0,-623099179.6,-458091827.4,0,-435523877.4,25,10.31961656
332,0,-458703354.7,-457540404.5,164395824.9,165558775.1,0.3116110406,0.313815404,1162950.249,0.002204363387,1.890329868,1.890329868,0.21839,0.293675,0,0,-623099179.6,-458091827.4,0,-435523877.4,26,10.33541322
333,0,-458703354.7,-468104024.1,164395824.9,154995155.5,0.3116110406,0.293792143,-9400669.43,-0.01781889769,1.890329868,17.10967013,1,110.6716,0,0,-623099179.6,-458091827.4,0,-435523877.4,27,10.35105395
334,0,-461195479.6,-622944495.7,161903700,154683.94,0.3068872369,0.0002932022364,-161749016.1,-0.3065940346,1.182621817,341.1209879,1.813875,2235.4729,0,0,-623099179.6,-458091827.4,0,-435523877.4,28,10.36715269
335,0,-458091827.4,-459377064.2,165007352.2,163722115.4,0.312770186,0.3103340295,-1285236.774,-0.002436156568,6.196109883,6.196109883,0.126375,0.24501,0,0,-623099179.6,-458091827.4,0,-435523877.4,29,10.45168781
336,0,-458129117.8,-456652075.2,164970061.8,166447104.4,0.3126995024,0.3154992253,1477042.551,0.002799722965,2.531815001,2.531815001,0.13254,0.26298,0,0,-623099179.6,-458091827.4,0,-435523877.4,30,10.65954638
337,0,-458091827.4,-458223231.9,165007352.2,164875947.7,0.312770186,0.3125211099,-131404.4515,-0.0002490761422,2.153567179,2.153567179,0.13254,0.21641,0,0,-623099179.6,-458091827.4,0,-435523877.4,31,10.68184352
338,0,-458091827.4,-454696883.4,165007352.2,168402296.2,0.312770186,0.3192052766,3394943.981,0.006435090597,1.526000637,1.526000637,0.072065,0.08387,0,0,-623099179.6,-458091827.4,0,-435523877.4,32,10.7011323
339,0,-458091827.4,-483338449.6,165007352.2,139760730,0.312770186,0.264915405,-25246622.17,-0.04785478105,1.220792088,23.77920791,1,119.892605,0,0,-623099179.6,-458091827.4,0,-435523877.4,33,10.72107148
340,0,-468174049,-461714398.5,154925130.6,161384781.1,0.2936594115,0.3059036299,6459650.446,0.01224421848,2.95851338,2.95851338,0.02444,0.028475,0,0,-623099179.6,-458091827.4,0,-435523877.4,34,10.75538015
341,0,-461656069.2,-471043189.8,161443110.4,152055989.8,0.3060141927,0.2882209767,-9387120.595,-0.01779321597,0.1505071931,16.84949281,1,111.185485,0,0,-623099179.6,-458091827.4,0,-435523877.4,35,10.77469993
342,0,-460922605.6,-527615081.4,162176574,95484098.23,0.3074044675,0.1809893848,-66692475.8,-0.1264150826,1.606441961,323.3134187,1.33869,2071.46166,0,0,-623099179.6,-458091827.4,0,-435523877.4,36,10.79091859
343,0,-462050979.9,-462377459.3,161048199.7,160721720.3,0.3052656425,0.3046468032,-326479.4252,-0.0006188392771,3.578542475,3.578542475,0.16019,0.213725,0,0,-623099179.6,-458091827.4,0,-435523877.4,37,10.85776997
344,0,-464459973.4,-465201657,158639206.2,157897522.6,0.3006994135,0.2992935578,-741683.5955,-0.001405855636,0.7743288039,0.7743288039,0.04292,0.053535,0,0,-623099179.6,-458091827.4,0,-435523877.4,38,10.99918556
345,0,-465190464,-462269626.2,157908715.5,160829553.4,0.299314774,0.3048512001,2920837.876,0.005536426066,0.5156746017,11.4843254,1,32.553555,0,0,-623099179.6,-458091827.4,0,-435523877.4,39,11.01294041
346,0,-458091827.4,-454372235.4,165007352.2,168726944.2,0.312770186,0.3198206445,3719592.027,0.007050458509,0.9979901056,0.9979901056,0.01713,0.01713,0,0,-623099179.6,-458091827.4,0,-435523877.4,40,11.03016448
347,0,-458091827.4,-480291224.3,165007352.2,142807955.3,0.312770186,0.2706913974,-22199396.9,-0.04207878865,0.5201399532,12.47986005,1,70.17539,0,0,-623099179.6,-458091827.4,0,-435523877.4,41,11.04972291
348,0,-467150921.2,-469259673.3,155948258.4,153839506.3,0.2955987424,0.2916016188,-2108752.073,-0.003997123578,1.383765699,1.383765699,0.086945,0.22264,0,0,-623099179.6,-458091827.4,0,-435523877.4,42,11.06792998
349,0,-465324002.6,-466534684.3,157775177,156564495.3,0.2990616527,0.2967668147,-1210681.731,-0.002294838049,0.8660036317,0.8660036317,0.0712,0.094395,0,0,-623099179.6,-458091827.4,0,-435523877.4,43,11.08353567
350,0,-464666956.1,-467049166.1,158432223.5,156050013.5,0.3003070794,0.2957916184,-2382210.016,-0.004515461039,0.6248846652,25.37511533,1,151.24295,0,0,-623099179.6,-458091827.4,0,-435523877.4,44,11.09907413
351,0,-458091827.4,-463187836.8,165007352.2,159911342.8,0.312770186,0.3031107388,-5096009.428,-0.009659447265,1.313932561,1.313932561,0.051155,0.051155,0,0,-623099179.6,-458091827.4,0,-435523877.4,45,11.1155436
352,0,-463094182.1,-473786840.8,160004997.5,149312338.8,0.3032882606,0.283020407,-10692658.72,-0.02026785361,0.4649820479,23.53501795,1,143.124355,0,0,-623099179.6,-458091827.4,0,-435523877.4,46,11.13853216
353,0,-464689356.6,-465447592.9,158409823,157651586.6,0.3002646195,0.2988273882,-758236.3733,-0.001437231301,0.3868962918,0.3868962918,0.023195,0.023195,0,0,-623099179.6,-458091827.4,0,-435523877.4,47,11.15437031
354,0,-465490058.4,-471294441.3,157609121.2,151804738.3,0.2987468951,0.2877447314,-5804382.876,-0.01100216377,0.2108348862,14.78916511,1,96.051155,0,0,-623099179.6,-458091827.4,0,-435523877.4,48,11.17025542
355,0,-464559395.2,-461101153.1,158539784.3,161998026.5,0.3005109602,0.3070660319,3458242.117,0.006555071733,1.289454601,1.289454601,0.17175,0.222905,0,0,-623099179.6,-458091827.4,0,-435523877.4,49,11.18596411
356,0,-464754652.2,-465649008.8,158344527.4,157450170.8,0.3001408521,0.298445606,-894356.6094,-0.001695246178,0.6410434535,0.6410434535,0.051155,0.051155,0,0,-623099179.6,-436686621.3,0,-435523877.4,0,11.20153689
357,0,-465555354,-471093025.5,157543825.6,152006154.1,0.2986231278,0.2881265136,-5537671.43,-0.01049661424,0.4649820479,14.53501795,1,96.023195,0,0,-623099179.6,-458091827.4,0,-435523877.4,1,11.21520066
358,0,-464494099.6,-460899737.3,158605080,162199442.3,0.3006347275,0.3074478141,3594362.353,0.00681308661,1.03530744,1.03530744,0.17175,0.194945,0,0,-623099179.6,-458091827.4,0,-435523877.4,2,11.23081374
359,0,-464689356.6,-541685942.3,158409823,81413237.33,0.3002646195,0.1543181746,-76996585.69,-0.1459464449,0.3868962918,306.9652265,1.41126,2144.09627,0,0,-623099179.6,-458091827.4,0,-435523877.4,3,11.24444699
360,0,-462101149,-466334209.6,160998030.6,156764970,0.3051705474,0.297146813,-4233060.656,-0.008023734405,9.829275996,9.829275996,0.427985,0.94726,0,0,-623099179.6,-458091827.4,0,-435523877.4,4,11.30639362
361,0,-458091827.4,-453163960.9,165007352.2,169935218.7,0.312770186,0.3221109197,4927866.521,0.009340733658,2.584665581,2.584665581,0.07423,0.17336,0,0,-623099179.6,-458091827.4,0,-435523877.4,5,11.4789896
362,0,-458091827.4,-469032627.7,165007352.2,154066551.9,0.312770186,0.292031982,-10940800.27,-0.02073820402,1.631090481,20.36890952,1,57.307765,0,0,-623099179.6,-458091827.4,0,-435523877.4,6,11.51524854
363,0,-458091827.4,-461048703.3,165007352.2,162050476.3,0.312770186,0.3071654502,-2956875.851,-0.005604735776,1.408147711,1.408147711,0.033845,0.069845,0,0,-623099179.6,-458091827.4,0,-435523877.4,7,11.57567406
364,0,-459371874,-449392590.7,163727305.5,173706588.9,0.3103438673,0.3292595233,9979283.343,0.01891565598,0.6727116188,24.32728838,1,125.87431,0,0,-623099179.6,-458091827.4,0,-435523877.4,8,11.59632802
365,0,-458091827.4,-452747641.9,165007352.2,170351537.7,0.312770186,0.3229000491,5344185.494,0.01012986312,0.9841916453,0.9841916453,0.08551,0.16965,0,0,-623099179.6,-458091827.4,0,-435523877.4,9,11.6145215
366,0,-458091827.4,-471315859.9,165007352.2,151783319.7,0.312770186,0.2877041326,-13224032.5,-0.02506605341,0.9841916453,22.01580835,1,125.77564,0,0,-623099179.6,-458091827.4,0,-435523877.4,10,11.63039875
367,0,-459112427.4,-467326669,163986752.2,155772510.6,0.3108356464,0.2952656137,-8214241.56,-0.01557003265,1.824351571,1.824351571,0.09525,0.115815,0,0,-623099179.6,-458091827.4,0,-435523877.4,11,11.64790344
368,0,-466133650.3,-468068523.6,156965529.3,155030655.9,0.2975269717,0.2938594339,-1934873.382,-0.003667537838,0.6572655607,24.34273444,1,140.898325,0,0,-623099179.6,-458091827.4,0,-435523877.4,12,11.66549611
369,0,-462479863.7,-461356012.9,160619315.9,161743166.7,0.3044526965,0.3065829472,1123850.762,0.002130250605,1.115893452,1.115893452,0.08551,0.158785,0,0,-623099179.6,-458091827.4,0,-435523877.4,13,11.6849463
370,0,-460122530.2,-470890468.7,162976649.4,152208710.9,0.3089210042,0.2885104584,-10767938.47,-0.0204105458,0.7057733067,14.29422669,1,93.757905,0,0,-623099179.6,-458091827.4,0,-435523877.4,14,11.70186734
371,0,-461857997.6,-462833067.2,161241182,160266112.4,0.305631439,0.303783202,-975069.5851,-0.001848237012,0.625046073,0.625046073,0.033145,0.033145,0,0,-623099179.6,-458091827.4,0,-435523877.4,15,11.7180829
372,0,-462772385.2,-468550447.8,160326794.4,154548731.8,0.3038982242,0.2929459503,-5778062.595,-0.01095227387,0.3012770986,28.6987229,1,168.33006,0,0,-623099179.6,-458091827.4,0,-435523877.4,16,11.73177385
373,0,-464460993.6,-464505148.7,158638186,158594030.9,0.3006974798,0.3006137841,-44155.10485,-8.369566673e-05,0.1900195428,0.1900195428,0.020905,0.020905,0,0,-623099179.6,-458091827.4,0,-435523877.4,17,11.74768019
374,0,-464460993.6,-467442238.6,158638186,155656941,0.3006974798,0.2950465524,-2981245.069,-0.005650927443,0.1900195428,27.80998046,1,170.17653,0,0,-623099179.6,-458091827.4,0,-435523877.4,18,11.76140332
375,0,-458091827.4,-456042473.3,165007352.2,167056706.3,0.312770186,0.3166547212,2049354.104,0.003884535179,0.7125682038,0.7125682038,0.06895,0.13075,0,0,-623099179.6,-458091827.4,0,-435523877.4,19,11.77770424
376,0,-458091827.4,-464226456.8,165007352.2,158872722.8,0.312770186,0.3011420425,-6134629.364,-0.01162814348,0.5659021808,14.43409782,1,82.451485,0,0,-623099179.6,-458091827.4,0,-435523877.4,20,11.80042624
377,0,-458091827.4,-458225517.4,165007352.2,164873662.2,0.312770186,0.3125167776,-133690.0204,-0.0002534084209,0.7660617177,0.7660617177,0.08108,0.15059,0,0,-623099179.6,-458091827.4,0,-435523877.4,21,11.81711316
378,0,-459933797.5,-473098303.4,163165382.1,150000876.2,0.3092787457,0.2843255244,-13164505.96,-0.02495322132,0.6902432775,26.30975672,1,168.114305,0,0,-623099179.6,-458091827.4,0,-435523877.4,22,11.83627605
379,0,-458468504,-495602759.7,164630675.6,127496419.9,0.3120561984,0.2416684981,-37134255.7,-0.07038770036,0.5697405205,321.1897014,1.200035,2115.754065,0,0,-623099179.6,-458091827.4,0,-435523877.4,23,11.85256791
380,0,-458091827.4,-456048770.5,165007352.2,167050409.1,0.312770186,0.3166427849,2043056.905,0.003872598886,3.530481128,3.530481128,0.041865,0.07975,0,0,-623099179.6,-458091827.4,0,-435523877.4,24,11.91562176
381,0,-458091827.4,-471961408.7,165007352.2,151137770.9,0.312770186,0.2864804997,-13869581.34,-0.02628968636,0.7511312186,16.24886878,1,90.24239,0,0,-623099179.6,-458091827.4,0,-435523877.4,25,12.07547259
382,0,-462368466.9,-461994825.7,160730712.7,161104353.9,0.3046638483,0.3053720823,373641.1461,0.0007082339618,1.419472231,1.419472231,0.11882,0.24657,0,0,-623099179.6,-458091827.4,0,-435523877.4,26,12.0941875
383,0,-462368466.9,-469161398.7,160730712.7,153937780.9,0.3046638483,0.2917878974,-6792931.877,-0.01287595091,1.419472231,12.58052777,1,33.470945,0,0,-623099179.6,-458091827.4,0,-435523877.4,27,12.11027026
384,0,-463878525.3,-462592212.3,159220654.3,160506967.3,0.3018015441,0.3042397405,1286312.922,0.0024381964,1.171613331,1.171613331,0.049215,0.085195,0,0,-623099179.6,-458091827.4,0,-435523877.4,28,12.12676334
385,0,-462903080.9,-468261957.3,160196098.7,154837222.3,0.3036504915,0.2934927818,-5358876.448,-0.01015770971,0.7121422398,20.28785776,1,129.42709,0,0,-623099179.6,-458091827.4,0,-435523877.4,29,12.14318299
386,0,-458997641.1,-458687365.4,164101538.5,164411814.2,0.311053223,0.3116413482,310275.7194,0.0005881252756,0.8006924215,0.8006924215,0.038655,0.07547,0,0,-623099179.6,-458091827.4,0,-435523877.4,30,12.15894222
387,0,-458810743,-471966533.6,164288436.6,151132646,0.3114074869,0.2864707856,-13155790.55,-0.02493670133,0.6443899666,10.35561003,1,52.3367,0,0,-623099179.6,-458091827.4,0,-435523877.4,31,12.17484236
388,0,-463337345.7,-462967136.6,159761833.9,160132043,0.3028273458,0.3035290744,370209.1433,0.0007017286264,0.9139036287,0.9139036287,0.051735,0.09039,0,0,-623099179.6,-458091827.4,0,-435523877.4,32,12.19056582
389,0,-463137729.2,-466980675.5,159961450.4,156118504.1,0.3032057173,0.2959214418,-3842946.233,-0.007284275471,0.7535434362,11.24645656,1,40.348765,0,0,-623099179.6,-458091827.4,0,-435523877.4,33,12.20655775
390,0,-459004430.8,-458891332.7,164094748.8,164207846.9,0.3110403532,0.3112547297,113098.0465,0.0002143764904,0.7972011713,0.7972011713,0.038655,0.07583,0,0,-623099179.6,-458091827.4,0,-435523877.4,34,12.22224903
391,0,-458953122.3,-466293694.4,164146057.3,156805485.2,0.3111376081,0.2972236093,-7340572.094,-0.01391399879,0.6466840469,20.35331595,1,128.38882,0,0,-623099179.6,-458091827.4,0,-435523877.4,35,12.23781991
392,0,-463337345.7,-527091378.7,159761833.9,96007800.88,0.3028273458,0.1819820592,-63754032.99,-0.1208452865,0.9139036287,352.9139036,1.841585,2262.378715,0,0,-623099179.6,-458091827.4,0,-435523877.4,36,12.25379205
393,0,-458091827.4,-462498888.5,165007352.2,160600291.1,0.312770186,0.3044166352,-4407061.052,-0.008353550837,5.594404097,5.594404097,0.150565,0.27299,0,0,-623099179.6,-458091827.4,0,-435523877.4,37,12.30461502
394,0,-461039651.6,-460608624.4,162059528,162490555.2,0.3071826075,0.3079996165,431027.2874,0.0008170089578,1.141830943,1.141830943,0.047295,0.10779,0,0,-623099179.6,-458091827.4,0,-435523877.4,38,12.46281958
395,0,-459854211.5,-457973076.9,163244968.1,165126102.7,0.3094296003,0.3129952767,1881134.643,0.003565676465,0.8467525089,22.15324749,1,116.334,0,0,-623099179.6,-458091827.4,0,-435523877.4,39,12.47966576
396,0,-461570053.2,-462037976.5,161529126.4,161061203.1,0.3061772354,0.3052902903,-467923.3084,-0.0008869450862,1.269295747,1.269295747,0.08421,0.12248,0,0,-623099179.6,-458091827.4,0,-435523877.4,40,12.49671531
397,0,-461792632.5,-461865973.1,161306547.1,161233206.5,0.305755338,0.3056163214,-73340.59951,-0.0001390165507,0.5426835391,0.5426835391,0.02865,0.05564,0,0,-623099179.6,-458091827.4,0,-435523877.4,41,12.51286221
398,0,-461777533.6,-477327373.3,161321645.9,145771806.3,0.3057839578,0.2763093545,-15549839.65,-0.02947460325,0.4549012213,14.54509878,1,79.72672,0,0,-623099179.6,-458091827.4,0,-435523877.4,42,12.52846479
399,0,-462972253.9,-466482187.9,160126925.6,156616991.7,0.3035193745,0.2968663213,-3509933.925,-0.006653053164,1.605987341,1.605987341,0.06732,0.14095,0,0,-623099179.6,-458091827.4,0,-435523877.4,43,12.5451262
400,0,-465206912.1,-469822792.1,157892267.5,153276387.5,0.299283597,0.2905342313,-4615880.039,-0.008749365645,1.325460725,19.67453928,1,120.59256,0,0,-623099179.6,-458091827.4,0,-435523877.4,44,12.56162715
401,0,-458091827.4,-455290041.2,165007352.2,167809138.4,0.312770186,0.3180809505,2801786.201,0.005310764519,1.010957049,1.010957049,0.03921,0.05658,0,0,-623099179.6,-458091827.4,0,-435523877.4,45,12.58007717
402,0,-458091827.4,-465354700.6,165007352.2,157744479,0.312770186,0.299003465,-7262873.157,-0.01376672105,0.7551627056,25.24483729,1,143.83336,0,0,-623099179.6,-458091827.4,0,-435523877.4,46,12.60245085
403,0,-463039692.7,-462826432.3,160059486.9,160272747.3,0.3033915448,0.3037957783,213260.4491,0.0004042335656,0.3983220105,0.3983220105,0.01937,0.03674,0,0,-623099179.6,-458091827.4,0,-435523877.4,47,12.62107253
404,0,-462950429.4,-467630982.5,160148750.2,155468197.1,0.3035607428,0.2946887898,-4680553.095,-0.008871952932,0.3083753029,25.6916247,1,152.87594,0,0,-623099179.6,-458091827.4,0,-435523877.4,48,12.63736725
405,0,-465242490.2,-465397252,157856689.4,157701927.5,0.2992161589,0.298922809,-154761.8579,-0.0002933499292,0.5522429012,0.5522429012,0.03921,0.05658,0,0,-623099179.6,-458091827.4,0,-435523877.4,49,12.65319228
406,0,-465227391.3,-476354691.3,157871788.3,146744488.3,0.2992447786,0.2781530658,-11127299.97,-0.0210917128,0.4644605834,9.535539417,1,37.144825,0,0,-623099179.6,-444895274.8,0,-435523877.4,0,12.66909504
407,0,-467425839.5,-469307479.4,155673340.1,153791700.2,0.2950776369,0.2915110027,-1881639.899,-0.003566634174,0.8404847975,0.8404847975,0.09262,0.14635,0,0,-623099179.6,-458091827.4,0,-435523877.4,1,12.68467903
408,0,-467410740.6,-476387127.1,155688439,146712052.5,0.2951062566,0.2780915841,-8976386.466,-0.01701467254,0.7527024797,15.24729752,1,98.46044,0,0,-623099179.6,-458091827.4,0,-435523877.4,2,12.70028353
409,0,-465242490.2,-584949663,157856689.4,38149516.6,0.2992161589,0.0723121197,-119707172.8,-0.2269040392,0.5522429012,309.4477571,1.59784,2085.45383,0,0,-623099179.6,-458091827.4,0,-435523877.4,3,12.71590424
410,0,-458091827.4,-455504823.5,165007352.2,167594356.1,0.312770186,0.3176738323,2587003.91,0.004903646313,5.50133761,5.50133761,0.06819,0.249605,0,0,-623099179.6,-458091827.4,0,-435523877.4,4,12.76698256
411,0,-458091827.4,-455332820.1,165007352.2,167766359.5,0.312770186,0.3179998634,2759007.294,0.005229677423,1.686464431,1.686464431,0.06819,0.191175,0,0,-623099179.6,-458091827.4,0,-435523877.4,5,12.89481688
412,0,-458091827.4,-474819664.8,165007352.2,148279514.8,0.312770186,0.2810626969,-16727837.44,-0.03170748914,1.217587745,11.78241226,1,26.426455,0,0,-623099179.6,-458091827.4,0,-435523877.4,6,12.91080213
413,0,-461961601.1,-459639830.9,161137578.5,163459348.7,0.3054350593,0.3098359571,2321770.142,0.004400897715,1.367396141,1.367396141,0.03414,0.0586,0,0,-623099179.6,-458091827.4,0,-435523877.4,7,12.93002319
414,0,-459582030.4,-451008453.1,163517149.1,172090726.5,0.3099455174,0.3261966684,8573577.358,0.01625115093,0.4513440589,22.54865594,1,127.19293,0,0,-623099179.6,-458091827.4,0,-435523877.4,8,12.9475534
415,0,-458091827.4,-524264138.6,165007352.2,98835041.01,0.312770186,0.1873410715,-66172311.18,-0.1254291145,1.093840031,300.4683188,1.327105,1936.925805,0,0,-623099179.6,-458091827.4,0,-435523877.4,9,12.96446157
416,0,-472990702.8,-474214752.7,150108476.8,148884426.9,0.2845294806,0.2822093033,-1224049.883,-0.00232017728,4.259078286,4.259078286,0.082205,0.25272,0,0,-623099179.6,-458091827.4,0,-435523877.4,10,13.06354213
417,0,-470988116.8,-468248656.9,152111062.8,154850522.7,0.2883253671,0.2935179927,2739459.972,0.005192625624,1.000593662,1.000593662,0.0747,0.081505,0,0,-623099179.6,-458091827.4,0,-435523877.4,11,13.17916179
418,0,-469846164.8,-467493820.8,153253014.8,155605358.7,0.2904899286,0.2949487787,2352343.936,0.00445885011,0.4169740363,27.58302596,1,160.12955,0,0,-623099179.6,-458091827.4,0,-435523877.4,12,13.1956234
419,0,-464721147.5,-465893839.1,158378032.1,157205340.5,0.3002043601,0.2979815319,-1172691.654,-0.002222828146,1.095048447,1.095048447,0.078735,0.130455,0,0,-623099179.6,-458091827.4,0,-435523877.4,13,13.21252513
420,0,-464738504,-458851246.5,158360675.6,164247933.1,0.3001714608,0.3113307129,5887257.526,0.01115925204,1.067827929,8.932172071,1,24.704875,0,0,-623099179.6,-458091827.4,0,-435523877.4,14,13.22844076
421,0,-459377619.1,-461403805.9,163721560.5,161695373.7,0.3103329776,0.3064923559,-2026186.796,-0.003840621723,0.8725941927,0.8725941927,0.00444,0.009565,0,0,-623099179.6,-458091827.4,0,-435523877.4,15,13.24441624
422,0,-461335473.7,-462939080.9,161763705.8,160160098.7,0.3066218789,0.3035822538,-1603607.132,-0.00303962517,0.07138776458,15.92861224,1,90.22929,0,0,-623099179.6,-458091827.4,0,-435523877.4,16,13.2609818
423,0,-458091827.4,-453437735.9,165007352.2,169661443.7,0.312770186,0.3215919811,4654091.463,0.008821795109,1.550504523,1.550504523,0.24346,0.283205,0,0,-623099179.6,-458091827.4,0,-435523877.4,17,13.27823997
424,0,-458091827.4,-469119052.9,165007352.2,153980126.7,0.312770186,0.2918681637,-11027225.45,-0.0209020223,1.333309238,21.66669076,1,124.19599,0,0,-623099179.6,-458091827.4,0,-435523877.4,18,13.29526353
425,0,-463895857.4,-465060655.2,159203322.2,158038524.3,0.3017686911,0.2995608256,-1164797.852,-0.002207865504,0.6283470998,0.6283470998,0.07284,0.1131,0,0,-623099179.6,-458091827.4,0,-435523877.4,19,13.31345868
426,0,-463439210.8,-469601554.7,159659968.8,153497624.9,0.3026342613,0.2909535851,-6162343.927,-0.01168067623,0.4080510332,13.59194897,1,82.403745,0,0,-623099179.6,-458091827.4,0,-435523877.4,20,13.33005023
427,0,-458091827.4,-460512799.6,165007352.2,162586380,0.312770186,0.3081812516,-2420972.188,-0.004588934441,0.9216139338,0.9216139338,0.00444,0.006805,0,0,-623099179.6,-458091827.4,0,-435523877.4,21,13.34644604
428,0,-460480541,-459585229.8,162618638.5,163513949.8,0.3082423974,0.3099394532,895311.2992,0.001697055785,0.05861471756,24.94138528,1,144.791505,0,0,-623099179.6,-458091827.4,0,-435523877.4,22,13.36464
429,0,-458450802.2,-458579608.2,164648377.4,164519571.4,0.312089752,0.3118456013,-128805.9562,-0.0002441507141,0.2736575776,0.2736575776,0.00444,0.006805,0,0,-623099179.6,-458091827.4,0,-435523877.4,23,13.3844645
430,0,-458547349.6,-461691155,164551830,161408024.6,0.3119067471,0.3059476878,-3143805.382,-0.005959059285,0.05861471756,27.94138528,1,158.85194,0,0,-623099179.6,-458091827.4,0,-435523877.4,24,13.40047741
431,0,-458091827.4,-618408998.7,165007352.2,4690180.854,0.312770186,0.008890202276,-160317171.3,-0.3038799837,0.9216139338,341.8506442,2.30922,2243.596065,0,0,-623099179.6,-458091827.4,0,-435523877.4,25,13.41675353
432,0,-458091827.4,-465634045.1,165007352.2,157465134.5,0.312770186,0.2984739696,-7542217.676,-0.01429621647,7.845727351,7.845727351,0.115225,0.35428,0,0,-623099179.6,-458091827.4,0,-435523877.4,26,13.49291897
433,0,-466920515.5,-464996416.7,156178664.1,158102762.9,0.2960354747,0.2996825892,1924098.711,0.00364711453,2.656597694,2.656597694,0.090165,0.239055,0,0,-623099179.6,-458091827.4,0,-435523877.4,27,13.63390708
434,0,-466920515.5,-469937117.5,156178664.1,153162062.1,0.2960354747,0.2903175284,-3016602.044,-0.005717946321,2.656597694,8.194415979,1,1.457525,0,0,-623099179.6,-458091827.4,0,-435523877.4,28,13.64575076
435,0,-460669833.7,-463387563.4,162429345.9,159711616.2,0.3078835946,0.3027321586,-2717729.65,-0.005151435963,1.615116581,1.615116581,0.08683,0.148485,0,0,-623099179.6,-458091827.4,0,-435523877.4,29,13.66252303
436,0,-460876415.7,-469997595.4,162222763.9,153101584.2,0.30749202,0.2902028931,-9121179.67,-0.01728912696,1.090690467,14.90930953,1,86.85239,0,0,-623099179.6,-458091827.4,0,-435523877.4,30,13.67816997
437,0,-459694030.2,-457322181,163405149.4,165776998.6,0.3097332228,0.314229045,2371849.21,0.004495822209,1.663107079,1.663107079,0.10362,0.196065,0,0,-623099179.6,-458091827.4,0,-435523877.4,31,13.69500661
438,0,-458091827.4,-486161715.5,165007352.2,136937464.1,0.312770186,0.2595639258,-28069888.1,-0.05320626024,0.9781821717,16.02181783,1,85.45828,0,0,-623099179.6,-458091827.4,0,-435523877.4,32,13.71207333
439,0,-461924047.4,-465662898.5,161175132.2,157436281.1,0.3055062421,0.2984192781,-3738851.139,-0.007086964009,1.337310059,1.337310059,0.1037,0.279655,0,0,-623099179.6,-458091827.4,0,-435523877.4,33,13.7288394
440,0,-462134476.8,-458029436.5,160964702.8,165069743.1,0.3051073748,0.3128884475,4105040.273,0.007781072739,1.262800618,22.73719938,1,124.574605,0,0,-623099179.6,-458091827.4,0,-435523877.4,34,13.74463177
441,0,-460315750,-464745375.7,162783429.6,158353803.9,0.3085547576,0.3001584356,-4429625.737,-0.008396322026,1.561797457,1.561797457,0.08683,0.10134,0,0,-623099179.6,-458091827.4,0,-435523877.4,35,13.76223207
442,0,-463641142.4,-456759923.7,159458037.2,166339255.9,0.3022515015,0.3152947993,6881218.685,0.01304329789,0.5337330162,20.46626698,1,106.449795,0,0,-623099179.6,-458091827.4,0,-435523877.4,36,13.77817869
443,0,-459521905.9,-457902683.4,163577273.7,165196496.2,0.3100594831,0.313128707,1619222.415,0.003069223821,1.866272208,1.866272208,0.20467,0.315535,0,0,-623099179.6,-458091827.4,0,-435523877.4,37,13.79396629
444,0,-459418026.9,-463044555.7,163681152.7,160054623.9,0.310256385,0.3033823271,-3626528.808,-0.006874057882,1.569725665,1.569725665,0.08683,0.110865,0,0,-623099179.6,-458091827.4,0,-435523877.4,38,13.80965352
445,0,-461858908.4,-465901641.1,161240271.2,157197538.5,0.3056297125,0.2979667433,-4042732.69,-0.007662969187,0.620312119,25.37968788,1,149.12766,0,0,-623099179.6,-458091827.4,0,-435523877.4,39,13.82536364
446,0,-460287471.7,-584675694.4,162811707.9,38423485.16,0.3086083589,0.07283142503,-124388222.8,-0.2357769339,1.47812457,349.5218754,1.60672,2273.67306,0,0,-623099179.6,-458091827.4,0,-435523877.4,40,13.84139061
447,0,-458091827.4,-448198490,165007352.2,174900689.6,0.312770186,0.3315229321,9893337.381,0.01875274606,8.290865099,8.290865099,0.40099,0.68558,0,0,-623099179.6,-458091827.4,0,-435523877.4,41,13.95265293
448,0,-458091827.4,-458074510.1,165007352.2,165024669.5,0.312770186,0.3128030108,17317.28738,3.282478704e-05,2.818980812,2.818980812,0.20467,0.387425,0,0,-623099179.6,-458091827.4,0,-435523877.4,42,14.1405139
449,0,-458091827.4,-469549026.7,165007352.2,153550152.9,0.312770186,0.2910531516,-11457199.27,-0.02171703443,2.532422794,10.46757721,1,40.228965,0,0,-623099179.6,-458091827.4,0,-435523877.4,43,14.16425991
450,0,-458091827.4,-463156271,165007352.2,159942908.5,0.312770186,0.3031705715,-5064443.649,-0.009599614569,2.459838318,2.459838318,0.16849,0.416215,0,0,-623099179.6,-458091827.4,0,-435523877.4,44,14.1857574
451,0,-458091827.4,-451533351.7,165007352.2,171565827.8,0.312770186,0.3252017269,6558475.657,0.01243154092,2.016510399,2.016510399,0.20467,0.288985,0,0,-623099179.6,-458091827.4,0,-435523877.4,45,14.20294166
452,0,-458091827.4,-485792185.4,165007352.2,137306994.2,0.312770186,0.2602643672,-27700358.04,-0.05250581881,1.933328532,11.06667147,1,50.581535,0,0,-623099179.6,-458091827.4,0,-435523877.4,46,14.22363424
453,0,-465855966.6,-468767767.7,157243213,154331411.9,0.298053319,0.2925340221,-2911801.122,-0.005519296968,1.769690362,1.769690362,0.053265,0.10012,0,0,-623099179.6,-458091827.4,0,-435523877.4,47,14.24612474
454,0,-465117913.9,-461166963.5,157981265.7,161932216.1,0.2994522922,0.3069412888,3950950.403,0.007488996558,0.8790309399,23.12096906,1,128.492515,0,0,-623099179.6,-458091827.4,0,-435523877.4,48,14.26415467
455,0,-458091827.4,-460021361.1,165007352.2,163077818.5,0.312770186,0.3091127696,-1929533.666,-0.003657416447,0.9034163239,0.9034163239,0.06068,0.06068,0,0,-623099179.6,-458091827.4,0,-435523877.4,49,14.28057599
456,0,-459228264.4,-457355590.2,163870915.2,165743589.4,0.3106160782,0.314165718,1872674.223,0.003549639803,0.2808219178,20.71917808,1,121.21931,0,0,-623099179.6,-439073772,0,-435523877.4,0,14.29811788
457,0,-458091827.4,-465069415.9,165007352.2,158029763.7,0.312770186,0.2995442199,-6977588.472,-0.01322596609,1.201967567,1.201967567,0.06068,0.113945,0,0,-623099179.6,-458091827.4,0,-435523877.4,1,14.31523585
458,0,-460829537.2,-453748082.9,162269642.4,169351096.7,0.3075808778,0.3210037208,7081454.311,0.013422843,0.7745420828,20.22545792,1,116.42102,0,0,-623099179.6,-458091827.4,0,-435523877.4,2,14.3352325
459,0,-458091827.4,-575882501,165007352.2,47216678.58,0.312770186,0.08949885654,-117790673.6,-0.2232713295,0.5368346137,357.3757238,1.033495,2379.80732,0,0,-623099179.6,-458091827.4,0,-435523877.4,3,14.35137248
460,0,-458091827.4,-456851620.4,165007352.2,166247559.2,0.312770186,0.315120989,1240206.991,0.002350802955,2.978862441,2.978862441,0.10994,0.25307,0,0,-623099179.6,-458091827.4,0,-435523877.4,4,14.45602655
461,0,-458091827.4,-456281714.4,165007352.2,166817465.2,0.312770186,0.3162012415,1810113.01,0.003431055498,1.69224368,1.69224368,0.10994,0.192395,0,0,-623099179.6,-458091827.4,0,-435523877.4,5,14.61905003
462,0,-458091827.4,-472005969.7,165007352.2,151093209.9,0.312770186,0.2863960346,-13914142.33,-0.02637415138,1.329296003,21.670704,1,109.91778,0,0,-623099179.6,-458091827.4,0,-435523877.4,6,14.63517594
463,0,-461606855.1,-462752302.8,161492324.4,160346876.8,0.3061074776,0.3039362901,-1145447.69,-0.002171187418,1.255198145,1.255198145,0.03198,0.05581,0,0,-623099179.6,-458091827.4,0,-435523877.4,7,14.66881609
464,0,-461317341.4,-464409110.6,161781838.2,158690068.9,0.3066562486,0.3007958235,-3091769.235,-0.005860425162,0.4321811186,11.56781888,1,41.326825,0,0,-623099179.6,-458091827.4,0,-435523877.4,8,14.68547654
465,0,-458091827.4,-456271255.7,165007352.2,166827923.8,0.312770186,0.3162210658,1820571.655,0.003450879779,1.322448987,1.322448987,0.06786,0.09169,0,0,-623099179.6,-458091827.4,0,-435523877.4,9,14.70230079
466,0,-458091827.4,-469558148.1,165007352.2,153541031.5,0.312770186,0.2910358621,-11466320.67,-0.02173432397,0.5036853403,9.49631466,1,18.4772,0,0,-623099179.6,-458091827.4,0,-435523877.4,10,14.72178483
467,0,-458091827.4,-455032016.6,165007352.2,168067162.9,0.312770186,0.3185700341,3059810.754,0.005799848103,1.795952078,1.795952078,0.17219,0.17485,0,0,-623099179.6,-458091827.4,0,-435523877.4,11,14.7390871
468,0,-458091827.4,-459943676.2,165007352.2,163155503.4,0.312770186,0.3092600207,-1851848.79,-0.003510165353,0.7329729127,0.7329729127,0.09528,0.09794,0,0,-623099179.6,-458091827.4,0,-435523877.4,12,14.76015925
469,0,-462027186.8,-473309758,161071992.8,149789421.6,0.3053107421,0.2839247139,-11282571.2,-0.02138602823,0.4809755975,9.519024403,1,49.42035,0,0,-623099179.6,-458091827.4,0,-435523877.4,13,14.77704501
470,0,-462634507.2,-464491531.8,160464672.4,158607647.7,0.3041595709,0.3006395947,-1857024.647,-0.003519976151,0.6732169044,0.6732169044,0.03198,0.03464,0,0,-623099179.6,-458091827.4,0,-435523877.4,14,14.79285312
471,0,-462564580.1,-457622659.4,160534599.5,165476520.1,0.3042921171,0.3136594903,4941920.686,0.009367373221,0.3208303928,16.67916961,1,102.22163,0,0,-623099179.6,-458091827.4,0,-435523877.4,15,14.80864429
472,0,-459285778.2,-458208923.3,163813401.4,164890256.3,0.3105070613,0.3125482316,1076854.9,0.002041170304,0.9910410183,0.9910410183,0.069455,0.137315,0,0,-623099179.6,-458091827.4,0,-435523877.4,16,14.82471728
473,0,-459285778.2,-457165332.4,163813401.4,165933847.2,0.3105070613,0.3145263502,2120445.758,0.004019288871,0.9910410183,23.00895898,1,126.61625,0,0,-623099179.6,-458091827.4,0,-435523877.4,17,14.84090686
474,0,-458091827.4,-556506553.7,165007352.2,66592625.89,0.312770186,0.1262258179,-98414726.3,-0.1865443681,1.486605163,310.7154441,1.403395,2018.191105,0,0,-623099179.6,-458091827.4,0,-435523877.4,18,14.85766888
475,0,-458091827.4,-460904121.4,165007352.2,162195058.2,0.312770186,0.3074395041,-2812293.984,-0.005330681942,3.493406199,3.493406199,0.12712,0.20816,0,0,-623099179.6,-458091827.4,0,-435523877.4,19,14.92004466
476,0,-463625031.8,-465451977,159474147.8,157647202.6,0.3022820391,0.2988190781,-1826945.278,-0.003462960934,1.151850904,1.151850904,0.04824,0.100715,0,0,-623099179.6,-458091827.4,0,-435523877.4,20,15.04151297
477,0,-464211016.7,-457446683.1,158888162.9,165652496.5,0.3011713091,0.3139930522,6764333.619,0.01282174313,0.9443730171,29.05562698,1,162.215875,0,0,-623099179.6,-458091827.4,0,-435523877.4,21,15.05730963
478,0,-458091827.4,-457259601.4,165007352.2,165839578.2,0.312770186,0.3143476641,832225.9958,0.00157747807,1.311054841,1.311054841,0.029325,0.063505,0,0,-623099179.6,-458091827.4,0,-435523877.4,22,15.07573247
479,0,-458091827.4,-461688836.4,165007352.2,161410343.2,0.312770186,0.3059520828,-3597008.954,-0.006818103222,0.7207981963,22.2792018,1,114.452265,0,0,-623099179.6,-458091827.4,0,-435523877.4,23,15.09982991
480,0,-458091827.4,-455255491.3,165007352.2,167843688.3,0.312770186,0.3181464396,2836336.095,0.00537625358,2.155264604,2.155264604,0.0328,0.05127,0,0,-623099179.6,-458091827.4,0,-435523877.4,24,15.12883306
481,0,-458091827.4,-468439236.2,165007352.2,154659943.4,0.312770186,0.2931567511,-10347408.77,-0.01961343493,0.8987104514,28.10128955,1,158.401175,0,0,-623099179.6,-458091827.4,0,-435523877.4,25,15.15148282
482,0,-458091827.4,-457719763.6,165007352.2,165379416,0.312770186,0.3134754302,372063.8505,0.00070524421,0.9961191561,0.9961191561,0.03778,0.065655,0,0,-623099179.6,-458091827.4,0,-435523877.4,26,15.17870617
483,0,-459773786.9,-462915373.8,163325392.7,160183805.8,0.3095820446,0.3036271903,-3141586.963,-0.005954854289,0.5830621891,24.41693781,1,122.80994,0,0,-623099179.6,-458091827.4,0,-435523877.4,27,15.19685364
484,0,-459392015.6,-461388998.3,163707164,161710181.3,0.3103056891,0.3065204235,-1996982.695,-0.003785265569,1.811454609,1.811454609,0.04817,0.075175,0,0,-623099179.6,-458091827.4,0,-435523877.4,28,15.21384406
485,0,-461116002.1,-457502753.8,161983177.5,165596425.8,0.3070378857,0.3138867706,3613248.358,0.00684888489,0.6951248179,18.30487518,1,112.902885,0,0,-623099179.6,-458091827.4,0,-435523877.4,29,15.23208475
486,0,-458091827.4,-460519961,165007352.2,162579218.6,0.312770186,0.3081676772,-2428133.572,-0.004602508791,1.730086243,1.730086243,0.037885,0.06782,0,0,-623099179.6,-458091827.4,0,-435523877.4,30,15.24896884
487,0,-459573486.9,-456813328.4,163525692.7,166285851.2,0.3099617116,0.3151935712,2760158.521,0.005231859566,0.6531682354,25.34683176,1,149.100305,0,0,-623099179.6,-458091827.4,0,-435523877.4,31,15.26940751
488,0,-458091827.4,-455879971.9,165007352.2,167219207.7,0.312770186,0.3169627413,2211855.483,0.004192555311,0.6255912277,0.6255912277,0.03778,0.068585,0,0,-623099179.6,-458091827.4,0,-435523877.4,32,15.28717208
489,0,-458091827.4,-449610995.1,165007352.2,173488184.5,0.312770186,0.3288455394,8480832.314,0.0160753534,0.6158928028,21.3841072,1,120.1874,0,0,-623099179.6,-458091827.4,0,-435523877.4,33,15.30427599
490,0,-458428123.7,-459619123.5,164671055.8,163480056.1,0.3121327388,0.3098752078,-1190999.764,-0.002257531031,0.6594214167,0.6594214167,0.049385,0.06161,0,0,-623099179.6,-458091827.4,0,-435523877.4,34,15.3209424
491,0,-458867307.3,-443814723.8,164231872.3,179284455.7,0.3113002698,0.3398323277,15052583.42,0.02853205783,0.5568066401,18.44319336,1,113.23764,0,0,-623099179.6,-458091827.4,0,-435523877.4,35,15.33904314
492,0,-458091827.4,-600363463.5,165007352.2,22735716.1,0.312770186,0.04309537763,-142271636.1,-0.2696748084,0.6158928028,353.4116192,1.1668,2350.136555,0,0,-623099179.6,-458091827.4,0,-435523877.4,36,15.35615945
493,0,-480532471.1,-505727524.5,142566708.5,117371655.1,0.2702341158,0.2224770831,-25195053.33,-0.04775703271,11.92990707,11.92990707,0.50255,0.985985,0,0,-623099179.6,-458091827.4,0,-435523877.4,37,15.44171405
494,0,-483031689.9,-502682941.5,140067489.7,120416238.1,0.2654968656,0.2282480671,-19651251.62,-0.03724879858,5.680035529,5.680035529,0.28647,0.647785,0,0,-623099179.6,-458091827.4,0,-435523877.4,38,15.63192916
495,0,-483271402.6,-422798456,139827777,200300723.6,0.2650424919,0.3796685042,60472946.64,0.1146260122,5.312162254,15.32528522,1,1.46263,0,0,-623099179.6,-458091827.4,0,-435523877.4,39,15.65345311
496,0,-458091827.4,-454884162,165007352.2,168215017.6,0.312770186,0.3188502914,3207665.366,0.006080105401,1.633664091,1.633664091,0.08878,0.12449,0,0,-623099179.6,-458091827.4,0,-435523877.4,40,15.69223142
497,0,-458091827.4,-473897937.8,165007352.2,149201241.8,0.312770186,0.2828098235,-15806110.41,-0.02996036254,1.036379751,19.96362025,1,73.83273,0,0,-623099179.6,-458091827.4,0,-435523877.4,41,15.71040726
498,0,-475817467.3,-474002302.8,147281712.3,149096876.8,0.2791713699,0.2826120005,1815164.511,0.003440630579,3.000953357,3.000953357,0.18207,0.268715,0,0,-623099179.6,-458091827.4,0,-435523877.4,42,15.73434186
499,0,-476912087.6,-478550158.4,146187092,144549021.2,0.2770965254,0.2739915745,-1638070.844,-0.003104950876,0.5204927787,0.5204927787,0.02909,0.062335,0,0,-623099179.6,-458091827.4,0,-435523877.4,43,15.75240612
500,0,-477487633,-450390765.7,145611546.6,172708413.9,0.2760055835,0.3273674901,27096867.24,0.05136190657,0.3939396484,29.60606035,1.00094,160.78408,0,0,-623099179.6,-458091827.4,0,-435523877.4,44,15.76605272
501,0,-458091827.4,-456164577.7,165007352.2,166934601.9,0.312770186,0.3164232732,1927249.703,0.003653087212,4.319915036,4.319915036,0.29129,0.560785,0,0,-623099179.6,-458091827.4,0,-435523877.4,45,15.78325891
502,0,-463119116.8,-465359603.2,159980062.8,157739576.4,0.303240997,0.2989941721,-2240486.39,-0.004246824979,0.7169939334,0.7169939334,0.04174,0.084575,0,0,-623099179.6,-458091827.4,0,-435523877.4,46,15.80413437
503,0,-465483539.3,-460932547.3,157615640.3,162166632.3,0.2987592521,0.307385623,4550992.043,0.008626370939,0.5836426818,29.41635732,1,151.73803,0,0,-623099179.6,-458091827.4,0,-435523877.4,47,15.81990671
504,0,-458091827.4,-455139759.7,165007352.2,167959419.9,0.312770186,0.3183658081,2952067.746,0.005595622048,1.130082557,1.130082557,0.08102,0.148335,0,0,-623099179.6,-458091827.4,0,-435523877.4,48,15.83676982
505,0,-458091827.4,-476249474.9,165007352.2,146849704.7,0.312770186,0.2783525028,-18157647.46,-0.03441768321,0.9984975122,26.00150249,1,145.597115,0,0,-623099179.6,-458091827.4,0,-435523877.4,49,15.8535471
506,0,-457280944.9,-457546037.4,165818234.7,165553142.2,0.3143072076,0.3138047269,-265092.468,-0.0005024807649,0.4560361962,0.4560361962,0.01187,0.017555,0,0,-623099179.6,-456916775.6,0,-435523877.4,0,15.86992931
507,0,-458091827.4,-468019135.6,165007352.2,155080044,0.312770186,0.2939530486,-9927308.171,-0.01881713743,0.1959456312,22.80405437,1,125.984445,0,0,-623099179.6,-458091827.4,0,-435523877.4,1,15.88983011
508,0,-462470570.1,-460279073.3,160628609.5,162820106.3,0.3044703125,0.308624278,2191496.745,0.004153965477,0.795735158,0.795735158,0.06889,0.074575,0,0,-623099179.6,-458091827.4,0,-435523877.4,2,15.91219521
509,0,-461615210.2,-479053257.2,161483969.4,144045922.4,0.3060916407,0.2730379546,-17438047.07,-0.03305368612,0.3819684926,24.61803151,1,150.10494,0,0,-623099179.6,-458091827.4,0,-435523877.4,3,15.92823195
510,0,-467429560.3,-470876869.2,155669619.3,152222310.4,0.295070584,0.2885362361,-3447308.911,-0.006534347925,0.8511669158,0.8511669158,0.15684,0.245615,0,0,-623099179.6,-458091827.4,0,-435523877.4,4,15.94397116
511,0,-469814242.6,-468685859.1,153284937,154413320.5,0.2905504368,0.2926892792,1128383.485,0.002138842347,0.8293314283,18.17066857,1,127.98323,0,0,-623099179.6,-458091827.4,0,-435523877.4,5,15.96041632
512,0,-462251385.5,-541230996.8,160847794.1,81868182.8,0.3048857751,0.1551805203,-78979611.29,-0.1497052549,1.152939961,350.4793882,1.21977,2328.602195,0,0,-623099179.6,-458091827.4,0,-435523877.4,6,15.97622371
513,0,-458091827.4,-467827632.4,165007352.2,155271547.1,0.312770186,0.2943160413,-9735805.043,-0.0184541447,13.58236467,13.58236467,0.52371,1.03157,0,0,-623099179.6,-458091827.4,0,-435523877.4,7,16.0921874
514,0,-458091827.4,-472608642.2,165007352.2,150490537.4,0.312770186,0.2852536735,-14516814.8,-0.02751651248,6.148047594,6.148047594,0.30161,0.615285,0,0,-623099179.6,-458091827.4,0,-435523877.4,8,16.26613092
515,0,-458091827.4,-452526579.8,165007352.2,170572599.8,0.312770186,0.3233190707,5565247.595,0.01054888465,4.962360796,4.962360796,0.10835,0.159375,0,0,-623099179.6,-458091827.4,0,-435523877.4,9,16.31984615
516,0,-458091827.4,-459056063.7,165007352.2,164043115.8,0.312770186,0.3109424833,-964236.3445,-0.001827702686,0.7899967013,0.7899967013,0.03065,0.075075,0,0,-623099179.6,-458091827.4,0,-435523877.4,10,16.37654066
517,0,-458091827.4,-468092844.7,165007352.2,155006334.9,0.312770186,0.2938133334,-10001017.32,-0.01895685257,0.729530426,25.27046957,1,93.02205,0,0,-623099179.6,-458091827.4,0,-435523877.4,11,16.40455461
518,0,-458091827.4,-458377663.6,165007352.2,164721516,0.312770186,0.3122283857,-285836.2039,-0.000541800359,2.665960903,2.665960903,0.1432,0.2523,0,0,-623099179.6,-458091827.4,0,-435523877.4,12,16.48213243
519,0,-458682434.2,-466450835.6,164416745.4,156648343.9,0.3116506953,0.2969257492,-7768401.459,-0.01472494611,1.853497575,14.14650242,1,58.732435,0,0,-623099179.6,-458091827.4,0,-435523877.4,13,16.51455879
520,0,-458091827.4,-462107195.6,165007352.2,160991984,0.312770186,0.3051590859,-4015368.238,-0.007611100075,2.845637689,2.845637689,0.133735,0.213565,0,0,-623099179.6,-458091827.4,0,-435523877.4,14,16.53627253
521,0,-458091827.4,-458480235.4,165007352.2,164618944.2,0.312770186,0.3120339617,-388407.9604,-0.0007362243465,0.7338247826,0.7338247826,0.03235,0.098995,0,0,-623099179.6,-458091827.4,0,-435523877.4,15,16.56887078
522,0,-458091827.4,-476449318.3,165007352.2,146649861.3,0.312770186,0.2779737012,-18357490.86,-0.03479648485,0.7338247826,18.26617522,1,66.66089,0,0,-623099179.6,-458091827.4,0,-435523877.4,16,16.5806613
523,0,-458091827.4,-459410958.3,165007352.2,163688221.3,0.312770186,0.3102697834,-1319130.905,-0.002500402638,1.748476291,1.748476291,0.13879,0.2458,0,0,-623099179.6,-458091827.4,0,-435523877.4,17,16.60174203
524,0,-458091827.4,-462217746,165007352.2,160881433.6,0.312770186,0.3049495386,-4125918.599,-0.007820647447,1.658201585,12.34179842,1,35.426895,0,0,-623099179.6,-458091827.4,0,-435523877.4,18,16.61810112
525,0,-458091827.4,-458797013.3,165007352.2,164302166.3,0.312770186,0.3114335116,-705185.8518,-0.00133667444,3.275460931,3.275460931,0.31653,0.47991,0,0,-623099179.6,-458091827.4,0,-435523877.4,19,16.63705611
526,0,-459783162.6,-459550436,163316017,163548743.6,0.309564273,0.3100054045,232726.5694,0.0004411314492,1.483990116,1.483990116,0.043945,0.11517,0,0,-623099179.6,-458091827.4,0,-435523877.4,20,16.65697289
527,0,-458091827.4,-456483759,165007352.2,166615420.6,0.312770186,0.3158182675,1608068.399,0.003048081468,1.012238273,14.98776173,1,56.399775,0,0,-623099179.6,-458091827.4,0,-435523877.4,21,16.67323732
528,0,-458091827.4,-464985037.2,165007352.2,158114142.4,0.312770186,0.2997041591,-6893209.8,-0.01306602696,3.334462073,3.334462073,0.11575,0.305275,0,0,-623099179.6,-458091827.4,0,-435523877.4,22,16.69373846
529,0,-464085308.9,-479207797.3,159013870.7,143891382.3,0.3014095873,0.272745025,-15122488.42,-0.02866456223,1.779553677,25.22044632,1,129.698695,0,0,-623099179.6,-458091827.4,0,-435523877.4,23,16.71248341
530,0,-468345896.5,-468767956.2,154753283.1,154331223.4,0.2933336758,0.2925336647,-422059.7725,-0.0008000111014,1.176888969,1.176888969,0.04237,0.07793,0,0,-623099179.6,-458091827.4,0,-435523877.4,24,16.72965097
531,0,-469952620.5,-470457452.7,153146559.1,152641726.9,0.2902881425,0.289331237,-504832.1534,-0.0009569055224,0.708528884,21.29147112,1,120.773335,0,0,-623099179.6,-458091827.4,0,-435523877.4,25,16.7465148
532,0,-465994394.6,-470728240.5,157104785,152370939.1,0.2977909297,0.2888179607,-4733845.859,-0.008972968963,1.866068003,1.866068003,0.11575,0.25788,0,0,-623099179.6,-458091827.4,0,-435523877.4,26,16.76247096
533,0,-467479605.1,-463114280.4,155619574.5,159984899.2,0.2949757245,0.3032501644,4365324.658,0.008274439819,1.312042101,21.6879579,1,125.21649,0,0,-623099179.6,-458091827.4,0,-435523877.4,27,16.77826452
534,0,-468232674.4,-468744771.8,154866505.2,154354407.8,0.2935482874,0.2925776106,-512097.4375,-0.0009706768132,1.175671267,1.175671267,0.04237,0.087295,0,0,-623099179.6,-458091827.4,0,-435523877.4,28,16.79811668
535,0,-470095887.9,-478819714.4,153003291.6,144279465.2,0.2900165802,0.2734806333,-8723826.413,-0.01653594688,0.7659806938,13.23401931,1,67.79537,0,0,-623099179.6,-458091827.4,0,-435523877.4,29,16.81371379
536,0,-467712447.2,-463928831.7,155386732.4,159170347.9,0.294534374,0.3017061887,3783615.565,0.007171814639,1.819433068,1.819433068,0.12021,0.2071,0,0,-623099179.6,-458091827.4,0,-435523877.4,30,16.82961416
537,0,-468001312,-468476687.3,155097867.6,154622492.3,0.293986833,0.2930857627,-475375.2837,-0.000901070249,1.197804613,1.197804613,0.04452,0.08973,0,0,-623099179.6,-458091827.4,0,-435523877.4,31,16.84529972
538,0,-469864525.6,-476366650.6,153234654,146732529,0.2904551257,0.2781303972,-6502124.941,-0.01232472857,0.7881140393,25.21188596,1,152.766275,0,0,-623099179.6,-458091827.4,0,-435523877.4,32,16.86081839
539,0,-466051440.1,-470996325,157047739.5,152102854.6,0.2976828004,0.2883098086,-4944884.869,-0.009372991808,1.843934657,1.843934657,0.11575,0.255445,0,0,-623099179.6,-458091827.4,0,-435523877.4,33,16.87669659
540,0,-467536650.6,-456447237.1,155562529,166651942.5,0.2948675953,0.3158874945,11089413.45,0.02101989918,1.289908756,8.710091244,1,28.285815,0,0,-623099179.6,-458091827.4,0,-435523877.4,34,16.89296317
541,0,-461566242.8,-458420854.9,161532936.8,164678324.7,0.306184458,0.3121465168,3145387.824,0.005962058792,1.255323563,1.255323563,0.04452,0.09658,0,0,-623099179.6,-458091827.4,0,-435523877.4,35,16.90909886
542,0,-459744005.2,-470904474.9,163355174.4,152194704.7,0.3096384956,0.2884839097,-11160469.75,-0.02115458586,0.819334171,22.18066583,1,121.164055,0,0,-623099179.6,-458091827.4,0,-435523877.4,36,16.92459583
543,0,-460386587.3,-461473330.2,162712592.3,161625849.3,0.308420486,0.306360573,-1086742.917,-0.002059912966,0.7095378645,0.7095378645,0.042085,0.082725,0,0,-623099179.6,-458091827.4,0,-435523877.4,37,16.94028234
544,0,-460386587.3,-461370952.5,162712592.3,161728227.1,0.308420486,0.3065546292,-984365.1961,-0.001865856772,0.7095378645,21.29046214,1,119.45424,0,0,-623099179.6,-458091827.4,0,-435523877.4,38,16.95390987
545,0,-458091827.4,-641609253.1,165007352.2,-18510073.47,0.312770186,-0.03508570402,-183517425.7,-0.34785589,1.071162599,337.6683121,1.247995,2298.83641,0,0,-623099179.6,-458091827.4,0,-435523877.4,39,16.97033429
546,0,-458091827.4,-464089277.3,165007352.2,159009902.3,0.312770186,0.3014020652,-5997449.873,-0.0113681208,14.00036224,14.00036224,0.17911,0.383295,0,0,-623099179.6,-458091827.4,0,-435523877.4,40,17.0773313
547,0,-470546324.5,-469334390.9,152552855.1,153764788.7,0.2891627811,0.2914599921,1211933.585,0.002297210928,1.426450853,1.426450853,0.153,0.169705,0,0,-623099179.6,-458091827.4,0,-435523877.4,41,17.26610947
548,0,-470546324.5,-474449693.1,152552855.1,148649486.5,0.2891627811,0.2817639756,-3903368.58,-0.007398805572,1.426450853,8.573549147,1,7.941525,0,0,-623099179.6,-458091827.4,0,-435523877.4,42,17.27792239
549,0,-468414936.8,-464041285.6,154684242.8,159057894,0.2932028103,0.301493033,4373651.19,0.008290222696,1.51218661,1.51218661,0.17508,0.244005,0,0,-623099179.6,-458091827.4,0,-435523877.4,43,17.29598999
550,0,-467134404.9,-486014647.2,155964774.7,137084532.4,0.2956300489,0.2598426927,-18880242.28,-0.03578735621,1.159127345,10.84087265,1,60.2192,0,0,-623099179.6,-458091827.4,0,-435523877.4,44,17.31236935
551,0,-468463618.3,-464635302.2,154635561.3,158463877.4,0.293110535,0.3003670791,3828316.069,0.007256544105,1.035803934,1.035803934,0.04359,0.050315,0,0,-623099179.6,-458091827.4,0,-435523877.4,45,17.32825851
552,0,-465417924.3,-485101335.5,157681255.3,137997844.1,0.2988836248,0.261573868,-19683411.19,-0.03730975679,0.2604285798,28.73957142,1,164.234905,0,0,-623099179.6,-458091827.4,0,-435523877.4,46,17.34410763
553,0,-467439928.8,-460199738.8,155659250.8,162899440.8,0.2950509307,0.3087746559,7240189.955,0.01372372521,2.703337605,2.703337605,0.17726,0.3429,0,0,-623099179.6,-458091827.4,0,-435523877.4,47,17.36004925
554,0,-463124306.3,-462620654.7,159974873.3,160478524.9,0.3032311603,0.3041858282,503651.63,0.0009546678491,0.4523799737,0.4523799737,0.04359,0.050315,0,0,-623099179.6,-458091827.4,0,-435523877.4,48,17.37675285
555,0,-463403276.9,-475161560.4,159695902.7,147937619.2,0.3027023738,0.2804146364,-11758283.57,-0.02228773742,0.2604285798,12.73957142,1,66.465365,0,0,-623099179.6,-458091827.4,0,-435523877.4,49,17.39231467
556,0,-472168563.9,-466832464.2,150930615.7,156266715.4,0.2860878386,0.2962023753,5336099.737,0.01011453663,2.602477541,2.602477541,0.17323,0.332955,0,0,-623099179.6,-442748952.1,0,-435523877.4,0,17.40806913
557,0,-467331708.8,-464008266.4,155767470.8,159090913.2,0.2952560608,0.3015556207,3323442.364,0.006299559823,1.239829231,1.239829231,0.17323,0.223545,0,0,-623099179.6,-458091827.4,0,-435523877.4,1,17.42498255
558,0,-467076971.6,-484815100.8,156022208,138284078.8,0.2957389133,0.2621164237,-17738129.23,-0.03362248958,1.149631157,9.850368843,1,48.058915,0,0,-623099179.6,-458091827.4,0,-435523877.4,2,17.44066906
559,0,-468390236.7,-464602283,154708942.9,158496896.6,0.2932496292,0.3004296668,3787953.713,0.007180037567,1.026928904,1.026928904,0.04359,0.050315,0,0,-623099179.6,-458091827.4,0,-435523877.4,3,17.45642781
560,0,-465384905.1,-478502957.4,157714274.5,144596222.2,0.2989462124,0.2740810437,-13118052.25,-0.02486516867,0.2604285798,21.73957142,1,119.417785,0,0,-623099179.6,-458091827.4,0,-435523877.4,4,17.47212696
561,0,-467439928.8,-591740920.4,155659250.8,31358259.16,0.2950509307,0.05943934267,-124300991.7,-0.235611588,2.703337605,345.781265,1.40423,2330.98165,0,0,-623099179.6,-458091827.4,0,-435523877.4,5,17.48803949
562,0,-495312499.9,-501282800.4,127786679.7,121816379.2,0.2422186833,0.230902024,-5970300.502,-0.01131665937,13.71293979,13.71293979,0.26925,0.65352,0,0,-623099179.6,-458091827.4,0,-435523877.4,6,17.55729723
563,0,-497326950.3,-497889778.5,125772229.3,125209401.1,0.2384003078,0.2373334712,-562828.192,-0.001066836574,2.381849721,2.381849721,0.08119,0.290245,0,0,-623099179.6,-458091827.4,0,-435523877.4,7,17.71672463
564,0,-496919641.6,-486799070.6,126179538,136300109,0.2391723583,0.258355824,10120570.99,0.01918346564,2.304455734,27.69554427,1.10739,139.084865,0,0,-623099179.6,-458091827.4,0,-435523877.4,8,17.73264074
565,0,-497807285.2,-500098811.8,125291894.3,123000367.8,0.2374898366,0.2331462653,-2291526.574,-0.004343571262,1.454343428,1.454343428,0.08702,0.168395,0,0,-623099179.6,-458091827.4,0,-435523877.4,9,17.74998999
566,0,-498773176,-495977630.1,124326003.6,127121549.5,0.235658998,0.240957934,2795545.875,0.005298936027,1.323038723,18.67696128,1,113.05898,0,0,-623099179.6,-458091827.4,0,-435523877.4,10,17.76610136
567,0,-497842662.7,-596187615.4,125256516.9,26911564.23,0.2374227789,0.05101066612,-98344952.66,-0.1864121127,1.775033803,360.7957022,1.543005,2393.106755,0,0,-623099179.6,-458091827.4,0,-435523877.4,11,17.78205132
568,0,-460676891.9,-460593628.9,162422287.7,162505550.7,0.3078702158,0.3080280403,83263.05606,0.000157824492,3.591998643,3.591998643,0.12398,0.262255,0,0,-623099179.6,-458091827.4,0,-435523877.4,12,17.86468911
569,0,-458091827.4,-456966668.6,165007352.2,166132511,0.312770186,0.314902916,1125158.822,0.002132730024,1.711601351,1.711601351,0.12398,0.207955,0,0,-623099179.6,-458091827.4,0,-435523877.4,13,18.02993751
570,0,-458091827.4,-467591273.7,165007352.2,155507905.9,0.312770186,0.2947640575,-9499446.307,-0.01800612851,1.529972622,22.47002738,1,100.62082,0,0,-623099179.6,-458091827.4,0,-435523877.4,14,18.04570079
571,0,-462738898,-466583035.3,160360281.6,156516144.3,0.303961699,0.2966751658,-3844137.35,-0.007286533224,3.62282902,3.62282902,0.15437,0.37928,0,0,-623099179.6,-458091827.4,0,-435523877.4,15,18.06523275
572,0,-463347543.7,-466350663.9,159751635.9,156748515.7,0.3028080156,0.297115624,-3003120.239,-0.005692391662,2.102836697,2.102836697,0.15437,0.31849,0,0,-623099179.6,-458091827.4,0,-435523877.4,16,18.08196807
573,0,-463051103.2,-462161762.3,160048076.4,160937417.3,0.3033699163,0.3050556553,889340.9638,0.001685739059,2.04274049,24.95725951,1,119.82855,0,0,-623099179.6,-458091827.4,0,-435523877.4,17,18.09779978
574,0,-460436755.8,-463697802.1,162662423.8,159401377.5,0.308325392,0.3021441034,-3261046.324,-0.006181288602,1.430748402,1.430748402,0.0684,0.12488,0,0,-623099179.6,-458091827.4,0,-435523877.4,18,18.11500144
575,0,-463449598.6,-467788508.8,159649581,155310670.8,0.3026145713,0.2943901999,-4338910.182,-0.00822437138,1.156919319,10.84308068,1,20.53909,0,0,-623099179.6,-458091827.4,0,-435523877.4,19,18.13102436
576,0,-460327485,-452601798.3,162771694.6,170497381.3,0.308532514,0.3231764946,7725686.725,0.01464398066,2.533637471,2.533637471,0.3084,0.3768,0,0,-623099179.6,-458091827.4,0,-435523877.4,20,18.1473906
577,0,-458091827.4,-458268329.5,165007352.2,164830850.1,0.312770186,0.3124356277,-176502.0609,-0.0003345583193,1.202832332,1.202832332,0.11495,0.18335,0,0,-623099179.6,-458091827.4,0,-435523877.4,21,18.16399789
578,0,-458091827.4,-477368131.2,165007352.2,145731048.4,0.312770186,0.2762320983,-19276303.77,-0.03653808776,1.202832332,12.79716767,1,46.659175,0,0,-623099179.6,-458091827.4,0,-435523877.4,22,18.17571855
579,0,-458091827.4,-458840223,165007352.2,164258956.6,0.312770186,0.3113516079,-748395.5716,-0.001418578136,2.261377784,2.261377784,0.12722,0.309205,0,0,-623099179.6,-458091827.4,0,-435523877.4,23,18.19763255
580,0,-458091827.4,-466676321.7,165007352.2,156422857.9,0.312770186,0.2964983421,-8584494.312,-0.01627184393,1.510569904,14.4894301,1,50.53056,0,0,-623099179.6,-458091827.4,0,-435523877.4,24,18.21622419
581,0,-462595472.5,-469211231.7,160503707.1,153887947.9,0.3042335609,0.2916934393,-6615759.256,-0.01254012155,2.670319932,2.670319932,0.05648,0.14013,0,0,-623099179.6,-458091827.4,0,-435523877.4,25,18.23921347
582,0,-467011499.6,-451587552.7,156087680,171511626.9,0.295863015,0.3250989894,15423946.87,0.02923597444,1.463296191,18.53670381,1,99.01036,0,0,-623099179.6,-458091827.4,0,-435523877.4,26,18.2572844
583,0,-458091827.4,-456510124.3,165007352.2,166589055.3,0.312770186,0.3157682923,1581703.132,0.002998106304,1.989686525,1.989686525,0.2412,0.308695,0,0,-623099179.6,-458091827.4,0,-435523877.4,27,18.2749548
584,0,-458091827.4,-460578436.3,165007352.2,162520743.3,0.312770186,0.3080568378,-2486608.85,-0.004713348237,1.302603926,1.302603926,0.05958,0.17106,0,0,-623099179.6,-458091827.4,0,-435523877.4,28,18.29370093
585,0,-461932024.6,-446523599.6,161167155,176575580,0.3054911214,0.3346976743,15408425,0.02920655285,1.045902008,20.95409799,1.01033,112.540495,0,0,-623099179.6,-458091827.4,0,-435523877.4,29,18.31141233
586,0,-458091827.4,-463603793.4,165007352.2,159495386.1,0.312770186,0.3023222961,-5511966.044,-0.01044788988,1.912456949,1.912456949,0.05013,0.086795,0,0,-623099179.6,-458091827.4,0,-435523877.4,30,18.32883286
587,0,-462386700.8,-453758388.4,160712478.8,169340791.2,0.304629286,0.3209841869,8628312.456,0.01635490089,0.7699045415,16.23009546,1,102.36699,0,0,-623099179.6,-458091827.4,0,-435523877.4,31,18.34691548
588,0,-458091827.4,-460287423.1,165007352.2,162811756.5,0.312770186,0.3086084509,-2195595.736,-0.004161735085,1.421502499,1.421502499,0.049225,0.092615,0,0,-623099179.6,-458091827.4,0,-435523877.4,32,18.36642671
589,0,-460802857.6,-464834288.7,162296322,158264890.9,0.3076314489,0.2999899017,-4031431.141,-0.007641547186,0.7118375688,24.28816243,1,136.51616,0,0,-623099179.6,-458091827.4,0,-435523877.4,33,18.38670874
590,0,-458091827.4,-457505936.4,165007352.2,165593243.2,0.312770186,0.3138807379,585890.9806,0.001110551915,1.178931911,1.178931911,0.082035,0.145425,0,0,-623099179.6,-458091827.4,0,-435523877.4,34,18.40263462
591,0,-458395430,-458058622.6,164703749.6,165040557,0.3121947096,0.3128331255,336807.4131,0.0006384159,0.8778220376,0.8778220376,0.05013,0.08166,0,0,-623099179.6,-458091827.4,0,-435523877.4,35,18.41867042
592,0,-458511980.6,-467496876.5,164587199,155602303.1,0.3119737888,0.2949429867,-8984895.894,-0.0170308021,0.6669416978,24.3330583,1,136.49375,0,0,-623099179.6,-458091827.4,0,-435523877.4,36,18.43410635
593,0,-458699357.7,-449736225.9,164399821.8,173362953.7,0.3116186169,0.3286081655,8963131.892,0.0169895486,2.346892073,2.346892073,0.23357,0.29005,0,0,-623099179.6,-458091827.4,0,-435523877.4,37,18.44993305
594,0,-458091827.4,-454284081.5,165007352.2,168815098.1,0.312770186,0.3199877395,3807745.893,0.007217553493,1.146536443,1.146536443,0.05985,0.15255,0,0,-623099179.6,-458091827.4,0,-435523877.4,38,18.46660924
595,0,-458091827.4,-461532800.7,165007352.2,161566378.9,0.312770186,0.3062478472,-3440973.276,-0.006522338777,1.146536443,23.85346356,1,129.019815,0,0,-623099179.6,-458091827.4,0,-435523877.4,39,18.47837496
596,0,-461646842.2,-466183810.1,161452337.4,156915369.5,0.3060316824,0.2974318941,-4536967.913,-0.008599788308,1.270563944,1.270563944,0.024185,0.062655,0,0,-623099179.6,-458091827.4,0,-435523877.4,40,18.49613261
597,0,-465219434.6,-471298182.2,157879745,151800997.4,0.2992598606,0.2877376406,-6078747.582,-0.01152221999,0.5461993212,18.45380068,1,108.27852,0,0,-623099179.6,-458091827.4,0,-435523877.4,41,18.51417994
598,0,-466208552,-464202211.4,156890627.6,158896968.2,0.297384996,0.3011879995,2006340.616,0.003803003439,1.328852211,1.328852211,0.07069,0.184605,0,0,-623099179.6,-458091827.4,0,-435523877.4,42,18.53039241
599,0,-466406213.7,-466693540,156692965.9,156405639.6,0.2970103297,0.2964657049,-287326.3109,-0.0005446248455,1.328852211,25.67114779,1,142.214205,0,0,-623099179.6,-458091827.4,0,-435523877.4,43,18.54607725
600,0,-463518972.8,-531773011.7,159580206.8,91326167.92,0.3024830731,0.1731080594,-68254038.92,-0.1293750137,0.8312612468,324.3657981,1.725195,2070.176685,0,0,-623099179.6,-458091827.4,0,-435523877.4,44,18.56248879
601,0,-461355319.5,-466170603.8,161743860.1,156928575.8,0.3065842614,0.2974569265,-4815284.3,-0.009127334912,9.992631439,9.992631439,0.13223,0.412,0,0,-623099179.6,-458091827.4,0,-435523877.4,45,18.62782049
602,0,-464086601.1,-463854916.1,159012578.5,159244263.5,0.3014071378,0.3018462951,231685.0816,0.000439157317,3.225389985,3.225389985,0.10731,0.28553,0,0,-623099179.6,-458091827.4,0,-435523877.4,46,18.77209878
603,0,-466129545.6,-475794817,156969634,147304362.6,0.297534752,0.2792143033,-9665271.406,-0.01832044873,2.813695085,22.18630492,1,89.900465,0,0,-623099179.6,-458091827.4,0,-435523877.4,47,18.79056501
604,0,-468222983.4,-469797000.7,154876196.2,153302178.9,0.2935666565,0.2905831188,-1574017.217,-0.002983537711,1.376037875,1.376037875,0.05276,0.14624,0,0,-623099179.6,-458091827.4,0,-435523877.4,48,18.80748057
605,0,-468908468,-462209650.2,154190711.6,160889529.4,0.2922673258,0.3049648841,6698817.734,0.01269755827,1.122122499,25.8778775,1,139.929695,0,0,-623099179.6,-458091827.4,0,-435523877.4,49,18.82419062
606,0,-460952696.2,-456450039.9,162146483.4,166649139.6,0.3073474308,0.3158821817,4502656.276,0.008534750861,1.864260659,1.864260659,0.0734,0.16539,0,0,-623099179.6,-437879269,0,-435523877.4,0,18.84083962
607,0,-459191835.7,-451930782.4,163907343.9,171168397.2,0.3106851287,0.3244484002,7261053.27,0.01376327147,1.199649639,21.80035036,1,112.799045,0,0,-623099179.6,-458091827.4,0,-435523877.4,1,18.858464
608,0,-464116308.3,-465508774.3,158982871.3,157590405.3,0.3013508281,0.2987114193,-1392466.032,-0.002639408814,1.898408776,1.898408776,0.08526,0.23234,0,0,-623099179.6,-458091827.4,0,-435523877.4,2,18.87465453
609,0,-465107584.9,-461758932.5,157991594.7,161340247.1,0.2994718708,0.3058192161,3348652.411,0.006347345277,1.457056151,9.542943849,1,24.60637,0,0,-623099179.6,-458091827.4,0,-435523877.4,3,18.89081454
610,0,-463957008.2,-466433294.5,159142171.4,156665885.1,0.3016527802,0.2969589983,-2476286.306,-0.004693781932,1.821323833,1.821323833,0.09394,0.26452,0,0,-623099179.6,-458091827.4,0,-435523877.4,4,18.90638018
611,0,-468092739.7,-469577086.3,155006439.9,153522093.3,0.2938135325,0.2909999648,-1484346.593,-0.002813567721,1.327946629,1.327946629,0.05276,0.14708,0,0,-623099179.6,-458091827.4,0,-435523877.4,5,18.92191744
612,0,-469674612,-464882116.2,153424567.5,158217063.3,0.2908151055,0.2998992449,4792495.799,0.00908413948,1.082577202,18.9174228,1,115.40759,0,0,-623099179.6,-458091827.4,0,-435523877.4,6,18.93789983
613,0,-467196391.1,-466230550.1,155902788.5,156868629.5,0.2955125546,0.2973432987,965840.9219,0.00183074415,1.879935826,1.879935826,0.09394,0.284265,0,0,-623099179.6,-458091827.4,0,-435523877.4,7,18.95455718
614,0,-468240587,-469374341.9,154858592.6,153724837.7,0.2935332892,0.2913842653,-1133754.939,-0.002149023897,0.9465423434,0.9465423434,0.04786,0.114065,0,0,-623099179.6,-458091827.4,0,-435523877.4,8,18.97060919
615,0,-468806672.5,-462939123.9,154292507.1,160160055.7,0.2924602782,0.3035821722,5867548.598,0.01112189392,0.7664777541,25.23352225,1,130.07285,0,0,-623099179.6,-458091827.4,0,-435523877.4,9,18.98604059
616,0,-467611323.1,-470364391.1,155487856.5,152734788.5,0.2947260541,0.2895076344,-2753068.06,-0.005218419652,1.876422127,1.876422127,0.053115,0.149775,0,0,-623099179.6,-458091827.4,0,-435523877.4,10,19.00190783
617,0,-470024531.6,-460549081.9,153074648,162550097.7,0.2901518356,0.3081124787,9475449.692,0.01796064311,1.302349944,22.69765006,1,114.311705,0,0,-623099179.6,-458091827.4,0,-435523877.4,11,19.01778269
618,0,-464663559.6,-463151914.2,158435620,159947265.4,0.3003135175,0.3031788299,1511645.385,0.002865312376,1.326778162,1.326778162,0.0734,0.17171,0,0,-623099179.6,-458091827.4,0,-435523877.4,12,19.03371
619,0,-465011518.7,-457526025.8,158087660.9,165573153.8,0.2996539635,0.3138426587,7485492.959,0.01418869519,1.057380622,8.942619378,1,12.090305,0,0,-623099179.6,-458091827.4,0,-435523877.4,13,19.05104303
620,0,-463988610,-465276402.9,159110569.6,157822776.7,0.3015928793,0.2991518775,-1287792.923,-0.00244100173,2.471314683,2.471314683,0.08526,0.285455,0,0,-623099179.6,-458091827.4,0,-435523877.4,14,19.06722736
621,0,-464630330.9,-462260728.1,158468848.7,160838451.5,0.3003765022,0.3048680663,2369602.753,0.004491564066,2.138449843,22.86155016,1,110.63266,0,0,-623099179.6,-458091827.4,0,-435523877.4,15,19.08572102
622,0,-461514342.8,-458862585.9,161584836.8,164236593.7,0.306282834,0.3113092191,2651756.859,0.005026385036,1.828192668,1.828192668,0.0734,0.199325,0,0,-623099179.6,-458091827.4,0,-435523877.4,16,19.10171461
623,0,-459561660.8,-459514489.3,163537518.8,163584690.3,0.309984128,0.3100735412,47171.48842,8.941319895e-05,1.684357775,17.31564223,1,87.2679,0,0,-623099179.6,-458091827.4,0,-435523877.4,17,19.11757541
624,0,-458091827.4,-447332294.2,165007352.2,175766885.4,0.312770186,0.3331647997,10759533.2,0.02039461368,3.640063868,3.640063868,0.28144,0.35313,0,0,-623099179.6,-458091827.4,0,-435523877.4,18,19.13508511
625,0,-458091827.4,-451532553.2,165007352.2,171566626.4,0.312770186,0.3252032406,6559274.217,0.01243305459,1.666006864,1.666006864,0.11507,0.18676,0,0,-623099179.6,-458091827.4,0,-435523877.4,19,19.15689158
626,0,-458091827.4,-484822748.2,165007352.2,138276431.4,0.312770186,0.2621019282,-26730920.79,-0.05066825786,1.666006864,28.33399314,1,153.597265,0,0,-623099179.6,-458091827.4,0,-435523877.4,20,19.16864681
627,0,-466744357.1,-464756730.6,156354822.5,158342449,0.2963693816,0.3001369125,1987626.429,0.003767530838,1.57602786,1.57602786,0.07155,0.16587,0,0,-623099179.6,-458091827.4,0,-435523877.4,21,19.19714022
628,0,-464039140.7,-467185713.2,159060038.9,155913466.4,0.3014970988,0.2955327945,-3146572.482,-0.005964304301,1.25763282,22.74236718,1,110.317295,0,0,-623099179.6,-458091827.4,0,-435523877.4,22,19.21399426
629,0,-458091827.4,-458278204,165007352.2,164820975.6,0.312770186,0.3124169105,-186376.6322,-0.0003532754943,4.188932272,4.188932272,0.136225,0.22326,0,0,-623099179.6,-458091827.4,0,-435523877.4,23,19.23201776
630,0,-458091827.4,-457025568.3,165007352.2,166073611.3,0.312770186,0.3147912721,1066259.135,0.002021086112,1.040265483,1.040265483,0.04646,0.118905,0,0,-623099179.6,-458091827.4,0,-435523877.4,24,19.26937699
631,0,-458091827.4,-470493761.7,165007352.2,152605417.9,0.312770186,0.2892624136,-12401934.25,-0.02350777242,1.040265483,20.95973452,1,90.637585,0,0,-623099179.6,-458091827.4,0,-435523877.4,25,19.28116059
632,0,-458465917.5,-464232374.8,164633262.1,158866804.8,0.312061101,0.301130825,-5766457.232,-0.010930276,3.884382811,3.884382811,0.12586,0.31783,0,0,-623099179.6,-458091827.4,0,-435523877.4,26,19.32239246
633,0,-461111962.3,-457702890.8,161987217.3,165396288.8,0.3070455431,0.3135074123,3409071.513,0.006461869227,1.674310146,1.674310146,0.07155,0.160885,0,0,-623099179.6,-458091827.4,0,-435523877.4,27,19.33984041
634,0,-458091827.4,-464980135.3,165007352.2,158119044.2,0.312770186,0.2997134505,-6888307.948,-0.01305673553,1.427324325,14.57267568,1,46.124655,0,0,-623099179.6,-458091827.4,0,-435523877.4,28,19.35660386
635,0,-462003739.8,-458853048.6,161095439.8,164246131,0.3053551857,0.3113272969,3150691.171,0.005972111245,2.383008704,2.383008704,0.27959,0.404245,0,0,-623099179.6,-458091827.4,0,-435523877.4,29,19.37569404
636,0,-462003739.8,-460140243,161095439.8,162958936.6,0.3053551857,0.3088874298,1863496.795,0.003532244057,2.383008704,8.616991296,1,20.419225,0,0,-623099179.6,-458091827.4,0,-435523877.4,30,19.38935804
637,0,-460499642,-462241425.5,162599537.6,160857754.1,0.3082061917,0.3049046542,-1741783.542,-0.003301537508,1.74956407,1.74956407,0.06702,0.26155,0,0,-623099179.6,-458091827.4,0,-435523877.4,31,19.40552068
638,0,-460542512.1,-441504135.4,162556667.5,181595044.2,0.3081249318,0.3442120305,19038376.67,0.03608709874,1.734384507,21.26561549,1.0086,112.6176,0,0,-623099179.6,-458091827.4,0,-435523877.4,32,19.42099929
639,0,-458091827.4,-460855840.9,165007352.2,162243338.7,0.312770186,0.3075310194,-2764013.486,-0.005239166623,2.624032384,2.624032384,0.06702,0.142745,0,0,-623099179.6,-458091827.4,0,-435523877.4,33,19.43848348
640,0,-460075985,-454604319.1,163023194.6,168494860.4,0.3090092303,0.3193807315,5471665.874,0.01037150121,0.9384812268,28.06151877,1,159.254195,0,0,-623099179.6,-458091827.4,0,-435523877.4,34,19.46265984
641,0,-458091827.4,-460743933.3,165007352.2,162355246.3,0.312770186,0.3077431393,-2652105.917,-0.005027046673,2.025447336,2.025447336,0.106265,0.21382,0,0,-623099179.6,-458091827.4,0,-435523877.4,35,19.47888112
642,0,-459647952.1,-460106305,163451227.5,162992874.6,0.3098205634,0.308951759,-458352.8466,-0.0008688043484,1.469356293,1.469356293,0.06702,0.156355,0,0,-623099179.6,-458091827.4,0,-435523877.4,36,19.4945333
643,0,-459534080.5,-470631633.9,163565099.1,152467545.7,0.3100364062,0.2890010778,-11097553.4,-0.0210353284,1.278025949,10.72197405,1,32.604695,0,0,-623099179.6,-458091827.4,0,-435523877.4,37,19.51004481
644,0,-462250379.6,-468550469.2,160848800,154548710.4,0.3048876818,0.2929459097,-6300089.635,-0.01194177218,3.256688382,3.256688382,0.23394,0.53939,0,0,-623099179.6,-458091827.4,0,-435523877.4,38,19.52569652
645,0,-467868736.8,-471694261,155230442.8,151404918.6,0.2942381283,0.2869868762,-3825524.204,-0.007251252147,2.262184513,2.262184513,0.10051,0.31509,0,0,-623099179.6,-458091827.4,0,-435523877.4,39,19.54206848
646,0,-469211641.2,-468642088.4,153887538.4,154457091.2,0.2916926632,0.2927722463,569552.8123,0.001079583041,2.124897212,17.87510279,1,96.33317,0,0,-623099179.6,-458091827.4,0,-435523877.4,40,19.55818701
647,0,-463456560.7,-464589501,159642618.9,158509678.6,0.3026013748,0.3004538949,-1132940.385,-0.002147479916,1.460272522,1.460272522,0.06702,0.166445,0,0,-623099179.6,-458091827.4,0,-435523877.4,41,19.57492709
648,0,-463159319,-470860316.7,159939860.6,152238862.9,0.303164794,0.2885676114,-7700997.615,-0.01459718264,1.145341661,10.85465834,1,25.90958,0,0,-623099179.6,-458091827.4,0,-435523877.4,42,19.59170318
649,0,-462047283.4,-468722472.6,161051896.2,154376707,0.3052726491,0.2926198785,-6675189.185,-0.01265277053,2.838041478,2.838041478,0.23394,0.54922,0,0,-623099179.6,-458091827.4,0,-435523877.4,43,19.60740304
650,0,-467825341.6,-471866264.4,155273838,151232915.2,0.2943203836,0.2866608451,-4040922.795,-0.007659538544,2.130533125,2.130533125,0.10051,0.32492,0,0,-623099179.6,-458091827.4,0,-435523877.4,44,19.62322426
651,0,-469168246,-447148299,153930933.6,175950880.6,0.2917749185,0.3335135613,22019947.01,0.04173864273,1.993245824,24.00675418,1,127.580775,0,0,-623099179.6,-458091827.4,0,-435523877.4,45,19.63930774
652,0,-459797786,-455800285.3,163301393.5,167298894.3,0.3095365543,0.3171137867,3997500.731,0.007577232351,3.308101013,3.308101013,0.27959,0.44586,0,0,-623099179.6,-458091827.4,0,-435523877.4,46,19.65762115
653,0,-459740391.1,-463520291.6,163358788.4,159578888,0.3096453459,0.3024805732,-3779900.498,-0.007164772759,2.997762162,26.00223784,1,141.649095,0,0,-623099179.6,-458091827.4,0,-435523877.4,47,19.67453647
654,0,-467219431,-473205668.7,155879748.6,149893510.9,0.2954688826,0.2841220144,-5986237.695,-0.0113468682,1.889663311,1.889663311,0.10051,0.31131,0,0,-623099179.6,-458091827.4,0,-435523877.4,48,19.69100618
655,0,-468957114.5,-448929392.3,154142065.1,174169787.2,0.2921751166,0.3301375123,20027722.15,0.03796239561,1.790988402,9.209011598,1,12.781685,0,0,-623099179.6,-458091827.4,0,-435523877.4,49,19.70775247
656,0,-455290124,-455448124.6,167809055.6,167651055,0.3180807936,0.3177813046,-158000.6299,-0.000299488997,1.405560205,1.405560205,0.06702,0.179745,0,0,-623099179.6,-445917062.3,0,-435523877.4,0,19.72402
657,0,-458091827.4,-472604842,165007352.2,150494337.6,0.312770186,0.2852608768,-14513014.58,-0.02750930918,1.611303076,27.38869692,1,132.00408,0,0,-623099179.6,-458091827.4,0,-435523877.4,1,19.73974824
658,0,-470784553.5,-462697070.4,152314626.1,160402109.2,0.2887112198,0.3040409828,8087483.155,0.01532976305,3.902009706,3.902009706,0.41302,0.472935,0,0,-623099179.6,-458091827.4,0,-435523877.4,2,19.75739002
659,0,-465160479.3,-470404272.7,157938700.3,152694906.9,0.29937161,0.2894320393,-5243793.406,-0.009939570676,2.955683118,17.04431688,1,102.656125,0,0,-623099179.6,-458091827.4,0,-435523877.4,3,19.77491426
660,0,-467410312.9,-463839371.2,155688866.7,159259808.4,0.2951070673,0.3018757603,3570941.723,0.006768692983,1.543391818,1.543391818,0.08175,0.157475,0,0,-623099179.6,-458091827.4,0,-435523877.4,4,19.79120898
661,0,-463070364.9,-462044657.7,160028814.7,161054521.9,0.303333406,0.3052776261,1025707.131,0.001944220096,1.007637125,8.992362875,1,15.56421,0,0,-623099179.6,-458091827.4,0,-435523877.4,5,19.80730009
662,0,-460188990.5,-460884443.1,162910189,162214736.5,0.3087950292,0.3074768041,-695452.5811,-0.001318225099,3.514334715,3.514334715,0.41302,0.505805,0,0,-623099179.6,-458091827.4,0,-435523877.4,6,19.82308149
663,0,-463337202.4,-469786051.1,159761977.2,153313128.5,0.3028276175,0.2906038736,-6448848.712,-0.01222374388,3.012979883,13.98702012,1,80.065365,0,0,-623099179.6,-458091827.4,0,-435523877.4,7,19.83866072
664,0,-465989139.7,-462327963.5,157110039.9,160771216.1,0.2978008904,0.3047406221,3661176.18,0.006939731713,2.171887989,2.171887989,0.08175,0.161255,0,0,-623099179.6,-458091827.4,0,-435523877.4,8,19.85439777
665,0,-462111371.4,-458094446.8,160987808.2,165004732.7,0.3051511709,0.3127652209,4016924.522,0.007614050001,1.478833236,24.52116676,1.36295,118.3649,0,0,-623099179.6,-458091827.4,0,-435523877.4,9,19.87092185
666,0,-469955014.5,-471434031.6,153144165.1,151665148,0.2902836047,0.287480139,-1479017.119,-0.002803465745,1.852941327,1.852941327,0.11293,0.235535,0,0,-623099179.6,-458091827.4,0,-435523877.4,10,19.88677812
667,0,-469065290.2,-460612786.4,154033889.4,162486393.2,0.2919700703,0.3079917273,8452503.8,0.01602165692,1.17043003,21.82956997,1,123.602435,0,0,-623099179.6,-458091827.4,0,-435523877.4,11,19.90261722
668,0,-469068214.7,-470684495.7,154030964.9,152414683.9,0.2919645271,0.2889008786,-1616281.03,-0.003063648448,1.774514777,1.774514777,0.059775,0.15987,0,0,-623099179.6,-458091827.4,0,-435523877.4,12,19.91848159
669,0,-472628453.9,-473828287.5,150470725.7,149270892.1,0.2852161207,0.2829418452,-1199833.595,-0.00227427549,1.446129608,1.446129608,0.0488,0.113035,0,0,-623099179.6,-458091827.4,0,-435523877.4,13,19.93467903
670,0,-473481698.2,-483090292.3,149617481.4,140008887.2,0.2835988025,0.2653857851,-9608594.121,-0.01821301736,1.174723481,9.825276519,1,24.49668,0,0,-623099179.6,-458091827.4,0,-435523877.4,14,19.95022082
671,0,-469867446.7,-463437428.7,153231732.9,159661750.9,0.2904495889,0.3026376393,6430017.979,0.01218805037,2.860070888,2.860070888,0.27959,0.359095,0,0,-623099179.6,-458091827.4,0,-435523877.4,15,19.96602416
672,0,-464049891.8,-472531802.9,159049287.8,150567376.7,0.3014767201,0.2853993218,-8481911.124,-0.01607739828,2.475037253,13.52496275,1,58.10008,0,0,-623099179.6,-458091827.4,0,-435523877.4,16,19.98241186
673,0,-471835327.1,-469708151.9,151263852.5,153391027.7,0.2867194864,0.2907515309,2127175.228,0.004032044529,1.561275179,1.561275179,0.08175,0.181175,0,0,-623099179.6,-458091827.4,0,-435523877.4,17,19.99828196
674,0,-468288819.4,-472596965.8,154810360.2,150502213.8,0.2934418649,0.285275806,-4308146.409,-0.00816605888,1.21449756,11.78550244,1,17.72738,0,0,-623099179.6,-458091827.4,0,-435523877.4,18,20.01523685
675,0,-467961806.2,-464799746.5,155137373.4,158299433,0.2940617159,0.3000553761,3162059.696,0.005993660199,2.675156356,2.675156356,0.27959,0.366585,0,0,-623099179.6,-458091827.4,0,-435523877.4,19,20.03102016
676,0,-464616839,-465366674,158482340.6,157732505.5,0.3004020759,0.2989807693,-749835.024,-0.001421306607,2.306567361,18.69343264,1,113.538355,0,0,-623099179.6,-458091827.4,0,-435523877.4,20,20.04694438
677,0,-465849039.7,-462649056.7,157250139.9,160450122.9,0.2980664488,0.3041319924,3199982.993,0.00606554352,1.786476284,1.786476284,0.08175,0.159815,0,0,-623099179.6,-458091827.4,0,-435523877.4,21,20.06275392
678,0,-462240495.9,-466038538.3,160858683.7,157060641.3,0.3049064162,0.2977072558,-3798042.317,-0.007199160439,1.245973999,19.754026,1,93.06614,0,0,-623099179.6,-458091827.4,0,-435523877.4,22,20.07858586
679,0,-469433584,-471284941.8,153665595.6,151814237.8,0.2912719723,0.2877627376,-1851357.787,-0.003509234661,2.155667545,2.155667545,0.11293,0.246805,0,0,-623099179.6,-458091827.4,0,-435523877.4,23,20.09439826
680,0,-468673244,-465754448.7,154425935.6,157344730.9,0.2927131911,0.2982457453,2918795.242,0.005532554268,1.473156249,18.52684375,1,118.83143,0,0,-623099179.6,-458091827.4,0,-435523877.4,24,20.10994482
681,0,-463509722.2,-461033532.9,159589457.4,162065646.7,0.3025006075,0.3071942055,2476189.236,0.004693597938,2.911772034,2.911772034,0.41302,0.494535,0,0,-623099179.6,-458091827.4,0,-435523877.4,25,20.12560701
682,0,-463509722.2,-468928023.4,159589457.4,154171156.2,0.3025006075,0.2922302586,-5418301.23,-0.01027034893,2.911772034,17.08822797,1,111.604045,0,0,-623099179.6,-458091827.4,0,-435523877.4,26,20.13932705
683,0,-466888882.4,-463690281.4,156210297.1,159408898.2,0.2960954348,0.3021583589,3198601.055,0.006062924068,1.846118037,1.846118037,0.08175,0.168745,0,0,-623099179.6,-458091827.4,0,-435523877.4,27,20.15517926
684,0,-462678318.6,-472653415.8,160420861,150445763.8,0.3040765267,0.2851688054,-9975097.245,-0.01890772126,1.310363344,27.68963666,1,143.557545,0,0,-623099179.6,-458091827.4,0,-435523877.4,28,20.17119789
685,0,-469990962.4,-594446014.9,153108217.2,28653164.67,0.2902154658,0.05431185657,-124455052.6,-0.2359036093,3.802917041,351.197083,1.205455,2221.007205,0,0,-623099179.6,-458091827.4,0,-435523877.4,29,20.18706346
686,0,-474791726.1,-477418027.8,148307453.5,145681151.8,0.2811156545,0.2761375195,-2626301.731,-0.004978135035,9.046371167,9.046371167,0.16149,0.551155,0,0,-623099179.6,-458091827.4,0,-435523877.4,30,20.25319123
687,0,-472479616.7,-471001448.1,150619562.9,152097731.5,0.2854982403,0.2883000978,1478168.633,0.002801857445,1.66214949,1.66214949,0.037345,0.09663,0,0,-623099179.6,-458091827.4,0,-435523877.4,31,20.41675091
688,0,-469877233.8,-461328047.6,153221945.8,161771132,0.2904310375,0.3066359552,8549186.192,0.01620491766,0.8736408439,15.12635916,1,47.607475,0,0,-623099179.6,-458091827.4,0,-435523877.4,32,20.43413186
689,0,-473462511.8,-460116424.5,149636667.8,162982755.1,0.2836351702,0.3089325775,13346087.25,0.02529740728,5.696985438,5.696985438,0.52376,0.639655,0,0,-623099179.6,-458091827.4,0,-435523877.4,33,20.45144153
690,0,-467198841.4,-469326608.7,155900338.2,153772570.9,0.29550791,0.2914747431,-2127767.379,-0.004033166947,1.688330656,1.688330656,0.07464,0.190535,0,0,-623099179.6,-458091827.4,0,-435523877.4,34,20.46763539
691,0,-470171550.6,-469105181.6,152927629,153993998,0.2898731623,0.2918944566,1066368.973,0.002021294309,1.512052393,15.48794761,1,69.114695,0,0,-623099179.6,-458091827.4,0,-435523877.4,35,20.48338246
692,0,-478227010.9,-486158891.3,144872168.7,136940288.3,0.2746040983,0.2595692789,-7931880.481,-0.01503481936,3.425584256,3.425584256,0.40351,0.719945,0,0,-623099179.6,-458091827.4,0,-435523877.4,36,20.50009012
693,0,-477545831.4,-476733353,145553348.2,146365826.6,0.2758952687,0.2774353155,812478.4715,0.001540046788,1.437662314,1.437662314,0.04865,0.09877,0,0,-623099179.6,-458091827.4,0,-435523877.4,37,20.51737213
694,0,-476613927.6,-468878764.3,146485251.9,154220415.3,0.2776616853,0.2923236289,7735163.361,0.01466194355,0.8448981524,11.15510185,1,37.3281,0,0,-623099179.6,-458091827.4,0,-435523877.4,38,20.53372073
695,0,-478306756.5,-486435206.6,144792423.1,136663973,0.274452941,0.2590455256,-8128450.032,-0.01540741546,3.152732867,3.152732867,0.40351,0.737775,0,0,-623099179.6,-458091827.4,0,-435523877.4,39,20.54997563
696,0,-479828848.6,-477009668.2,143270331,146089511.4,0.271567827,0.2769115621,2819180.424,0.005343735136,1.585090816,1.585090816,0.062815,0.1166,0,0,-623099179.6,-458091827.4,0,-435523877.4,40,20.56574607
697,0,-477199563.9,-475764336.5,145899615.7,147334843.1,0.2765516162,0.2792720789,1435227.394,0.002720462652,0.9923266546,21.00767335,1,127.299055,0,0,-623099179.6,-458091827.4,0,-435523877.4,41,20.58198071
698,0,-478650327.8,-510396713.1,144448851.8,112702466.5,0.2738017043,0.2136266714,-31746385.35,-0.06017503293,3.033904218,330.8783487,1.04755,2184.95488,0,0,-623099179.6,-458091827.4,0,-435523877.4,42,20.59852242
699,0,-499458225.2,-505243071.7,123640954.4,117856107.9,0.2343604923,0.2233953597,-5784846.479,-0.01096513268,3.715683281,3.715683281,0.13329,0.270415,0,0,-623099179.6,-458091827.4,0,-435523877.4,43,20.68303251
700,0,-502174753.1,-504902190.2,120924426.5,118196989.4,0.2292113343,0.224041498,-2727437.052,-0.005169836269,2.290654972,2.290654972,0.09463,0.18562,0,0,-623099179.6,-458091827.4,0,-435523877.4,44,20.78993106
701,0,-502174753.1,-476757819.9,120924426.5,146341359.7,0.2292113343,0.2773889386,25416933.21,0.04817760435,2.290654972,13.70934503,1,2.89155,0,0,-623099179.6,-458091827.4,0,-435523877.4,45,20.80549717
702,0,-475934753.9,-477378289.8,147164425.7,145720889.8,0.278949054,0.2762128427,-1443535.906,-0.002736211375,1.421825665,1.421825665,0.055065,0.10472,0,0,-623099179.6,-458091827.4,0,-435523877.4,46,20.82378054
703,0,-475142662.6,-476468749.5,147956517,146630430.1,0.2804504571,0.2779368694,-1326086.911,-0.002513587693,0.9061775012,11.0938225,1,49.155075,0,0,-623099179.6,-458091827.4,0,-435523877.4,47,20.84054422
704,0,-474335232.4,-476426401.7,148763947.2,146672777.9,0.281980935,0.2780171394,-2091169.293,-0.003963795552,1.710925926,1.710925926,0.09366,0.174695,0,0,-623099179.6,-458091827.4,0,-435523877.4,48,20.85615873
705,0,-475278918.8,-465919977,147820260.8,157179202.6,0.2801921845,0.2979319878,9358941.841,0.01773980336,1.477302546,24.52269745,1.06723,139.64517,0,0,-623099179.6,-458091827.4,0,-435523877.4,49,20.87192869
706,0,-479449989.2,-480664633.6,143649190.4,142434546,0.2722859521,0.2699836028,-1214644.421,-0.002302349298,0.8761046,0.8761046,0.033955,0.049655,0,0,-623099179.6,-457519239.9,0,-435523877.4,0,20.88813281
707,0,-480507339.2,-465568788.2,142591840.4,157530391.3,0.2702817532,0.2985976634,14938550.94,0.02831591014,0.4113668799,28.58863312,1.01351,161.62523,0,0,-623099179.6,-458091827.4,0,-435523877.4,1,20.90421915
708,0,-477495455.7,-478102200.4,145603723.9,144996979.2,0.2759907555,0.2748406756,-606744.6681,-0.001150079922,0.6807514822,0.6807514822,0.033165,0.048865,0,0,-623099179.6,-458091827.4,0,-435523877.4,2,20.92023015
709,0,-478138869.7,-483041037.9,144960309.9,140058141.7,0.2747711692,0.2654791466,-4902168.142,-0.009292022575,0.4046696944,18.59533031,1,124.34657,0,0,-623099179.6,-458091827.4,0,-435523877.4,3,20.93654323
710,0,-477900713.4,-478443081.9,145198466.2,144656097.7,0.2752225927,0.2741945373,-542368.5072,-0.001028055397,0.6680914343,0.6680914343,0.033955,0.049655,0,0,-623099179.6,-458091827.4,0,-435523877.4,4,20.95225453
711,0,-478285787.5,-482897178.5,144813392.1,140202001.1,0.2744926877,0.2657518309,-4611391.083,-0.008740856863,0.4113668799,12.58863312,1,69.12729,0,0,-623099179.6,-458091827.4,0,-435523877.4,5,20.96850324
712,0,-477753795.7,-533826309,145345383.9,89272870.55,0.2755010741,0.1692160498,-56072513.39,-0.1062850243,0.6613942488,309.9945243,1.10243,2110.52311,0,0,-623099179.6,-458091827.4,0,-435523877.4,6,20.98427892
713,0,-458091827.4,-468218097,165007352.2,154881082.6,0.312770186,0.2935759187,-10126269.58,-0.01919426727,6.236456587,6.236456587,0.14514,0.196765,0,0,-623099179.6,-458091827.4,0,-435523877.4,7,21.0593214
714,0,-465765505.5,-468016681.1,157333674.1,155082498.5,0.2982247872,0.2939577009,-2251175.604,-0.004267086304,0.6567198977,0.6567198977,0.035125,0.08675,0,0,-623099179.6,-458091827.4,0,-435523877.4,8,21.19190001
715,0,-465765505.5,-468127238,157333674.1,154971941.6,0.2982247872,0.2937481413,-2361732.432,-0.004476645933,0.6567198977,17.3432801,1,109.310935,0,0,-623099179.6,-458091827.4,0,-435523877.4,9,21.20368505
716,0,-460953798.8,-454862750.7,162145380.8,168236428.9,0.3073453409,0.3188908764,6091048.051,0.01154553544,3.32907311,3.32907311,0.38307,0.479485,0,0,-623099179.6,-458091827.4,0,-435523877.4,10,21.21939182
717,0,-458738274.7,-460004623,164360904.9,163094556.6,0.3115448501,0.3091444965,-1266348.297,-0.002400353604,1.19620171,1.19620171,0.074065,0.096415,0,0,-623099179.6,-458091827.4,0,-435523877.4,11,21.23552752
718,0,-460317478.1,-465586839.8,162781701.5,157512339.8,0.3085514819,0.2985634469,-5269361.645,-0.009988035079,0.6861182026,19.3138818,1,115.89702,0,0,-623099179.6,-458091827.4,0,-435523877.4,12,21.25107098
719,0,-461174497.3,-455341810.3,161924682.3,167757369.3,0.3069270086,0.3179828225,5832686.943,0.01105581391,3.207013477,3.207013477,0.38307,0.434695,0,0,-623099179.6,-458091827.4,0,-435523877.4,13,21.26651573
720,0,-459086263.6,-460483682.6,164012916,162615497,0.3108852398,0.3082364427,-1397418.972,-0.002648797076,0.8438297486,0.8438297486,0.029275,0.051625,0,0,-623099179.6,-458091827.4,0,-435523877.4,14,21.28313756
721,0,-460665467,-469048874.3,162433712.5,154050305.3,0.3078918716,0.2920011866,-8383407.26,-0.01589068495,0.3337462413,11.66625376,1,62.67424,0,0,-623099179.6,-458091827.4,0,-435523877.4,15,21.29861116
722,0,-461212201.9,-514750299.2,161886977.6,108348880.4,0.3068555397,0.205374482,-53538097.21,-0.1014810577,3.163704532,351.607727,1.71798,2070.49777,0,0,-623099179.6,-458091827.4,0,-435523877.4,16,21.31416893
723,0,-458091827.4,-451963596.9,165007352.2,171135582.7,0.312770186,0.3243862005,6128230.508,0.0116160145,6.965887981,6.965887981,0.230295,0.40583,0,0,-623099179.6,-458091827.4,0,-435523877.4,17,21.37183523
724,0,-458091827.4,-460104468.5,165007352.2,162994711.1,0.312770186,0.3089552401,-2012641.098,-0.003814945955,2.063249546,2.063249546,0.11582,0.25556,0,0,-623099179.6,-458091827.4,0,-435523877.4,18,21.56557703
725,0,-458091827.4,-455556612.8,165007352.2,167542566.7,0.312770186,0.317575666,2535214.557,0.004805479986,1.340093044,1.340093044,0.11582,0.186895,0,0,-623099179.6,-458091827.4,0,-435523877.4,19,21.58733535
726,0,-458091827.4,-465641793,165007352.2,157457386.5,0.312770186,0.2984592833,-7549965.646,-0.01431090269,1.304781953,27.69521805,1,162.18707,0,0,-623099179.6,-458091827.4,0,-435523877.4,20,21.60368252
727,0,-458091827.4,-457813702.3,165007352.2,165285477.3,0.312770186,0.31329737,278125.0585,0.0005271839414,3.053647216,3.053647216,0.19255,0.417705,0,0,-623099179.6,-458091827.4,0,-435523877.4,21,21.62481928
728,0,-458091827.4,-458487612.9,165007352.2,164611566.7,0.312770186,0.3120199776,-395785.4964,-0.0007502084101,2.158542248,2.158542248,0.10823,0.20912,0,0,-623099179.6,-458091827.4,0,-435523877.4,22,21.64908171
729,0,-458091827.4,-457467209.9,165007352.2,165631969.7,0.312770186,0.3139541438,624617.5474,0.001183957829,1.679276142,10.32072386,1,28.01396,0,0,-623099179.6,-458091827.4,0,-435523877.4,23,21.66796088
730,0,-458091827.4,-453172506.1,165007352.2,169926673.5,0.312770186,0.3220947223,4919321.31,0.009324536275,1.72313067,1.72313067,0.09135,0.130915,0,0,-623099179.6,-458091827.4,0,-435523877.4,24,21.68477178
731,0,-458091827.4,-455313203.1,165007352.2,167785976.5,0.312770186,0.3180370474,2778624.338,0.005266861382,0.6571253006,0.6571253006,0.02645,0.039565,0,0,-623099179.6,-458091827.4,0,-435523877.4,25,21.7038269
732,0,-458091827.4,-461560814.9,165007352.2,161538364.7,0.312770186,0.3061947465,-3468987.518,-0.006575439559,0.5673747719,23.43262523,1,141.613255,0,0,-623099179.6,-458091827.4,0,-435523877.4,26,21.72044826
733,0,-458091827.4,-458626826,165007352.2,164472353.6,0.312770186,0.3117561002,-534998.6072,-0.001014085807,0.7400076677,0.7400076677,0.059615,0.075145,0,0,-623099179.6,-458091827.4,0,-435523877.4,27,21.7481277
734,0,-458091827.4,-461555525.1,165007352.2,161543654.5,0.312770186,0.3062047733,-3463697.67,-0.006565412694,0.7400076677,21.25999233,1,113.778315,0,0,-623099179.6,-458091827.4,0,-435523877.4,28,21.7672441
735,0,-458091827.4,-454491262.3,165007352.2,168607917.3,0.312770186,0.3195950298,3600565.079,0.00682484383,1.646020097,1.646020097,0.10393,0.143495,0,0,-623099179.6,-458091827.4,0,-435523877.4,29,21.79169393
736,0,-458091827.4,-473212701.5,165007352.2,149886478.1,0.312770186,0.2841086838,-15120874.07,-0.02866150224,1.646020097,24.3539799,1,121.58649,0,0,-623099179.6,-458091827.4,0,-435523877.4,30,21.80802846
737,0,-458091827.4,-457439787.2,165007352.2,165659392.4,0.312770186,0.3140061232,652040.1723,0.001235937207,1.545885763,1.545885763,0.01553,0.01553,0,0,-623099179.6,-458091827.4,0,-435523877.4,31,21.85103297
738,0,-458091827.4,-482453506.1,165007352.2,140645673.5,0.312770186,0.2665928085,-24361678.74,-0.04617737749,0.166563531,18.83343647,1,84.36615,0,0,-623099179.6,-458091827.4,0,-435523877.4,32,21.87838936
739,0,-461609648.4,-459829401.6,161489531.1,163269778,0.3061021829,0.3094766273,1780246.86,0.003374444437,0.4306845628,0.4306845628,0.0069,0.0069,0,0,-623099179.6,-458091827.4,0,-435523877.4,33,21.90183353
740,0,-459979942.3,-475278502.4,163119237.3,147820677.2,0.3091912786,0.2801929738,-15298560.11,-0.02899830478,0.03310146318,11.96689854,1,76.547545,0,0,-623099179.6,-458091827.4,0,-435523877.4,34,21.91776514
741,0,-464377257.2,-464377257.2,158721922.3,158721922.3,0.3008562014,0.3008562014,0,0,0,0,0,0,1,1,-623099179.6,-458091827.4,0,-464377257.2,0,21.9331727
742,0,-485502538.2,-475270283.3,137596641.4,147828896.3,0.2608133913,0.280208553,10232254.91,0.01939516166,3.28326923,3.28326923,0,0,1,1,-623099179.6,-485502538.2,0,-475270283.3,0,21.95961833
743,0,-495850913,-478728308.3,127248266.6,144370871.3,0.2411981253,0.2736538928,17122604.72,0.03245576753,5.370411494,5.370411494,0.13624,0.17357,0,0,-623099179.6,-495850913,0,-475270283.3,1,21.97976685
744,0,-495850913,-538083623.9,127248266.6,85015555.69,0.2411981253,0.1611463418,-42232710.89,-0.08005178355,5.370411494,13.62958851,0.48765,0.8601,0,0,-623099179.6,-495850913,0,-475270283.3,2,21.9916141
745,0,-512772063.3,-523092896.9,110327116.3,100006282.7,0.2091242131,0.1895611512,-10320833.57,-0.01956306183,2.90930436,2.90930436,0.19106,0.524085,0,0,-623099179.6,-495850913,0,-475270283.3,3,22.05531168
746,0,-514753179.9,-517426365.7,108345999.7,105672813.9,0.2053690216,0.2003020182,-2673185.799,-0.005067003431,2.253862278,2.253862278,0.18482,0.22386,0,0,-623099179.6,-495850913,0,-475270283.3,4,22.07128596
747,0,-512725282.5,-501593428.9,110373897.1,121505750.7,0.2092128859,0.2303132299,11131853.54,0.02110034405,1.688173136,8.311826864,1,4.396805,0,0,-623099179.6,-495850913,0,-475270283.3,5,22.08969331
748,0,-495850913,-492225976.5,127248266.6,130873203.1,0.2411981253,0.2480691649,3624936.481,0.006871039639,2.314094048,2.314094048,0.12438,0.23604,0,0,-623099179.6,-495850913,0,-475270283.3,6,22.10682249
749,0,-495850913,-497892507.7,127248266.6,125206671.9,0.2411981253,0.237328298,-2041594.706,-0.003869827299,1.170689935,1.170689935,0.12438,0.215645,0,0,-623099179.6,-495850913,0,-475270283.3,7,22.12788057
750,0,-495850913,-499676516.9,127248266.6,123422662.7,0.2411981253,0.2339467221,-3825603.904,-0.007251403217,1.119478948,9.880521052,1,22.67729,0,0,-623099179.6,-495850913,0,-475270283.3,8,22.14551353
751,0,-495850913,-495068310,127248266.6,128030869.6,0.2411981253,0.2426815434,782603.0309,0.001483418116,2.453220655,2.453220655,0.05763,0.091265,0,0,-623099179.6,-495850913,0,-475270283.3,9,22.16381598
752,0,-495850913,-496530401,127248266.6,126568778.5,0.2411981253,0.2399101609,-679488.0422,-0.001287964436,0.5692405986,26.4307594,1,133.81715,0,0,-623099179.6,-495850913,0,-475270283.3,10,22.19603801
753,0,-495850913,-492314383,127248266.6,130784796.6,0.2411981253,0.2479015911,3536529.98,0.006703465786,2.415236549,2.415236549,0.07123,0.15547,0,0,-623099179.6,-495850913,0,-475270283.3,11,22.21516371
754,0,-495850913,-491629072.2,127248266.6,131470107.4,0.2411981253,0.2492005925,4221840.791,0.008002467235,1.128955201,1.128955201,0.05781,0.08424,0,0,-623099179.6,-495850913,0,-475270283.3,12,22.24160981
755,0,-495850913,-511278772.8,127248266.6,111820406.8,0.2411981253,0.211954734,-15427859.75,-0.02924339128,0.8197793936,29.18022061,1,149.193075,0,0,-623099179.6,-495850913,0,-475270283.3,13,22.25860929
756,0,-502376291.5,-500570142.5,120722888.1,122529037.1,0.2288293198,0.2322528615,1806148.985,0.003423541717,1.848220472,1.848220472,0.08338,0.10981,0,0,-623099179.6,-495850913,0,-475270283.3,14,22.28152061
757,0,-502396102.7,-501688102,120703076.9,121411077.6,0.2287917679,0.2301337778,708000.6556,0.001342009879,0.6388054312,26.36119457,1,158.74839,0,0,-623099179.6,-495850913,0,-475270283.3,15,22.30075216
758,0,-498476679.6,-491958377.3,124622500,131140802.2,0.2362210046,0.2485763972,6518302.246,0.01235539253,3.163183691,3.163183691,0.25228,0.35052,0,0,-623099179.6,-495850913,0,-475270283.3,16,22.31695676
759,0,-500220176.4,-498636951.1,122879003.2,124462228.5,0.2329162196,0.2359172112,1583225.322,0.003000991603,0.6461952713,0.6461952713,0.05596,0.08239,0,0,-623099179.6,-495850913,0,-475270283.3,17,22.33495545
760,0,-500282947.5,-509228499.2,122816232.1,113870680.4,0.2327972375,0.215841012,-8945551.74,-0.01695622555,0.5280791454,26.47192085,1,146.35425,0,0,-623099179.6,-495850913,0,-475270283.3,18,22.35075212
761,0,-502522322.1,-506087583.9,120576857.5,117011595.7,0.2285525199,0.2217945932,-3565261.793,-0.00675792672,2.18724514,2.18724514,0.09824,0.191715,0,0,-623099179.6,-495850913,0,-475270283.3,19,22.36699247
762,0,-503885113.2,-500550898.5,119214066.4,122548281.1,0.2259693598,0.2322893384,3334214.665,0.006319978638,1.2662504,20.7337496,1,122.854825,0,0,-623099179.6,-495850913,0,-475270283.3,20,22.38439035
763,0,-500729538.1,-505117998.2,122369641.4,117981181.4,0.2319507283,0.2236324356,-4388460.036,-0.008318292752,1.137583953,1.137583953,0.08929,0.129965,0,0,-623099179.6,-495850913,0,-475270283.3,21,22.40024662
764,0,-503176732.4,-510342067,119922447.2,112757112.6,0.2273120901,0.2137302527,-7165334.584,-0.01358183742,0.667157554,16.33284245,1,107.19935,0,0,-623099179.6,-495850913,0,-475270283.3,22,22.41678238
765,0,-501355993.4,-500421052.7,121743186.2,122678126.9,0.2307632872,0.2325354601,934940.6682,0.001772172954,1.996032492,1.996032492,0.09824,0.18162,0,0,-623099179.6,-495850913,0,-475270283.3,23,22.43266845
766,0,-502213824.5,-514307224.3,120885355.1,108791955.3,0.2291372747,0.2062143272,-12093399.72,-0.02292294754,1.282223519,16.71777648,1,117.121655,0,0,-623099179.6,-495850913,0,-475270283.3,24,22.4492166
767,0,-503223172.7,-624204996,119876006.9,-1105816.392,0.2272240629,-0.002096066594,-120981823.3,-0.2293201295,0.944101886,340.6817699,1.67124,2217.333535,0,0,-623099179.6,-495850913,0,-475270283.3,25,22.46490216
768,0,-495850913,-503082706.7,127248266.6,120016472.9,0.2411981253,0.2274903152,-7231793.683,-0.01370781014,8.999857478,8.999857478,0.16605,0.563935,0,0,-623099179.6,-495850913,0,-475270283.3,26,22.56880689
769,0,-500085622.6,-500612192.2,123013557,122486987.4,0.2331712654,0.2321731567,-526569.6072,-0.0009981087013,4.21773726,4.21773726,0.13077,0.487795,0,0,-623099179.6,-495850913,0,-475270283.3,27,22.84723973
770,0,-503451326.1,-500896723.1,119647853.5,122202456.5,0.2267915999,0.2316338304,2554602.932,0.004842230504,2.900642862,2.900642862,0.13077,0.28424,0,0,-623099179.6,-495850913,0,-475270283.3,28,22.86626887
771,0,-503157538.3,-487174614.6,119941641.3,135924565,0.2273484725,0.2576439832,15982923.67,0.03029551074,2.562398022,21.43760198,1,79.97772,0,0,-623099179.6,-495850913,0,-475270283.3,29,22.88430738
772,0,-495850913,-494586063.4,127248266.6,128513116.2,0.2411981253,0.2435956382,1264849.622,0.002397512876,2.446546117,2.446546117,0.05746,0.16245,0,0,-623099179.6,-495850913,0,-475270283.3,30,22.91029143
773,0,-495850913,-510869896.6,127248266.6,112229283,0.2411981253,0.2127297557,-15018983.58,-0.02846836959,1.397532246,9.602467754,1,6.108995,0,0,-623099179.6,-495850913,0,-475270283.3,31,22.93883443
774,0,-495850913,-494696908,127248266.6,128402271.6,0.2411981253,0.2433855331,1154005.038,0.002187407807,2.070112594,2.070112594,0.085435,0.18272,0,0,-623099179.6,-495850913,0,-475270283.3,32,22.96084237
775,0,-495850913,-483473968.8,127248266.6,139625210.8,0.2411981253,0.2646585293,12376944.24,0.02346040403,1.7362523,21.2637477,1.24827,56.773,0,0,-623099179.6,-495850913,0,-475270283.3,33,22.99368477
776,0,-495850913,-495540214.6,127248266.6,127558964.9,0.2411981253,0.2417870517,310698.3579,0.0005889263836,4.441017796,4.441017796,0.27274,0.599365,0,0,-623099179.6,-495850913,0,-475270283.3,34,23.02713037
777,0,-495850913,-503060525.6,127248266.6,120038654,0.2411981253,0.2275323592,-7209612.613,-0.01366576609,3.863009312,25.13699069,1,85.616555,0,0,-623099179.6,-495850913,0,-475270283.3,35,23.05639815
778,0,-495850913,-503103993.1,127248266.6,119995186.4,0.2411981253,0.2274499668,-7253080.144,-0.01374815847,2.4235143,2.4235143,0.09255,0.20578,0,0,-623099179.6,-495850913,0,-475270283.3,36,23.09605432
779,0,-498061938,-502466364.8,125037241.6,120632814.8,0.2370071443,0.2286585865,-4404426.863,-0.008348557753,1.376097842,1.376097842,0.09255,0.19327,0,0,-623099179.6,-495850913,0,-475270283.3,37,23.1159842
780,0,-498061938,-476303140.4,125037241.6,146796039.2,0.2370071443,0.2782507802,21758797.55,0.04124363591,1.376097842,26.62390216,1.07749,139.9785,0,0,-623099179.6,-495850913,0,-475270283.3,38,23.12777805
781,0,-495850913,-496990354.7,127248266.6,126108824.9,0.2411981253,0.2390383222,-1139441.719,-0.002159803147,2.289798066,2.289798066,0.05746,0.132065,0,0,-623099179.6,-495850913,0,-475270283.3,39,23.14855838
782,0,-497499282.4,-483217200.6,125599897.2,139881979,0.2380736537,0.2651452314,14282081.72,0.02707157771,1.716816778,26.28318322,1,128.742115,0,0,-623099179.6,-495850913,0,-475270283.3,40,23.18197799
783,0,-495850913,-498897105.2,127248266.6,124202074.4,0.2411981253,0.2354240911,-3046192.172,-0.005774034185,2.926476865,2.926476865,0.078945,0.16803,0,0,-623099179.6,-495850913,0,-475270283.3,41,23.2016747
784,0,-499873645.7,-499069108.6,123225533.9,124030071,0.233573066,0.23509806,804537.0995,0.001524993977,1.828376137,1.828376137,0.11545,0.20044,0,0,-623099179.6,-495850913,0,-475270283.3,42,23.22565818
785,0,-499929699.1,-505219857,123169480.5,117879322.6,0.2334668172,0.2234393629,-5290157.93,-0.01002745428,1.729298329,14.27070167,1,69.47282,0,0,-623099179.6,-495850913,0,-475270283.3,43,23.24127913
786,0,-501287246.4,-498931038,121811933.2,124168141.6,0.2308935965,0.2353597717,2356208.411,0.004466175194,2.434430135,2.434430135,0.05746,0.15476,0,0,-623099179.6,-495850913,0,-475270283.3,44,23.25736332
787,0,-499223531.4,-499737044.3,123875648.2,123362135.2,0.2348053527,0.2338319928,-513512.9342,-0.0009733598764,2.17403048,12.82596952,1,32.582755,0,0,-623099179.6,-495850913,0,-475270283.3,45,23.2730062
788,0,-495850913,-505382663.9,127248266.6,117716515.7,0.2411981253,0.2231307638,-9531750.86,-0.01806736154,3.797239357,3.797239357,0.12644,0.25766,0,0,-623099179.6,-495850913,0,-475270283.3,46,23.29090405
789,0,-500459891.6,-501544672.1,122639288,121554507.5,0.2324618413,0.230405648,-1084780.526,-0.002056193269,2.425305565,2.425305565,0.039935,0.090105,0,0,-623099179.6,-495850913,0,-475270283.3,47,23.3119421
790,0,-497851082.2,-476479649.6,125248097.4,146619530,0.2374068197,0.2779162083,21371432.6,0.04050938859,1.15848627,13.84151373,1,28.96807,0,0,-623099179.6,-495850913,0,-475270283.3,48,23.33058953
791,0,-495850913,-490876222.8,127248266.6,132222956.8,0.2411981253,0.250627613,4974690.247,0.009429487676,2.644156237,2.644156237,0.23598,0.287365,0,0,-623099179.6,-495850913,0,-475270283.3,49,23.35014892
792,0,-496986226.5,-495424078.4,126112953.1,127675101.2,0.2390461473,0.242007187,1562148.049,0.002961039793,1.25390641,1.25390641,0.12671,0.27359,0,0,-623099179.6,-483075490.1,0,-475270283.3,0,23.3723948
793,0,-497919561.3,-500670892.8,125179618.3,122428286.8,0.2372770182,0.2320618901,-2751331.509,-0.005215128032,1.142623541,1.142623541,0.04693,0.0971,0,0,-623099179.6,-495850913,0,-475270283.3,1,23.3878479
794,0,-499916800.1,-501923196.1,123182379.5,121175983.5,0.233491267,0.2296881587,-2006395.943,-0.00380310831,0.7071071448,14.29289286,1,70.64144,0,0,-623099179.6,-495850913,0,-475270283.3,2,23.40426588
795,0,-496645449.8,-503600112.2,126453729.8,119499067.4,0.2396920868,0.226509577,-6954662.339,-0.01318250978,2.870295504,2.870295504,0.12644,0.29576,0,0,-623099179.6,-495850913,0,-475270283.3,3,23.42052078
796,0,-500507268.3,-488612911.7,122591911.2,134486267.9,0.232372039,0.254917702,11894356.68,0.02254566297,1.491361768,17.50863823,1,100.08083,0,0,-623099179.6,-495850913,0,-475270283.3,4,23.43859911
797,0,-497629688.9,-497958109.3,125469490.7,125141070.3,0.2378264692,0.2372039508,-328420.4083,-0.0006225183959,0.8275188889,0.8275188889,0.04693,0.07093,0,0,-623099179.6,-495850913,0,-475270283.3,5,23.45479488
798,0,-497687027.4,-489087051.7,125412152.2,134012127.9,0.2377177844,0.2540189731,8599975.658,0.01630118871,0.5852756129,26.41472439,1,139.13767,0,0,-623099179.6,-495850913,0,-475270283.3,6,23.47067881
799,0,-498393231.5,-505072499,124705948.1,118026680.6,0.2363791798,0.223718679,-6679267.419,-0.01266050079,2.485892889,2.485892889,0.09255,0.262895,0,0,-623099179.6,-495850913,0,-475270283.3,7,23.48765683
800,0,-506458123.8,-493641410,116641055.8,129457769.6,0.2210922377,0.2453862215,12816713.74,0.0242939838,1.464111153,21.53588885,1,99.600505,0,0,-623099179.6,-495850913,0,-475270283.3,8,23.50673294
801,0,-497013421.8,-496699392.5,126085757.8,126399787.1,0.2389945988,0.2395898388,314029.236,0.0005952400378,1.457124466,1.457124466,0.10673,0.186055,0,0,-623099179.6,-495850913,0,-475270283.3,9,23.52343583
802,0,-497070760.3,-487141358.5,126028419.3,135957821.1,0.238885914,0.2577070199,9929401.82,0.01882110593,1.21488119,26.78511881,1,120.1591,0,0,-623099179.6,-495850913,0,-475270283.3,10,23.53923368
803,0,-499178632.3,-487385210.4,123920547.3,135713969.2,0.2348904587,0.2572448005,11793421.88,0.02235434184,2.983947757,2.983947757,0.13216,0.27079,0,0,-623099179.6,-495850913,0,-475270283.3,11,23.55650473
804,0,-495850913,-498717284.3,127248266.6,124381895.3,0.2411981253,0.2357649402,-2866371.292,-0.005433185069,1.517934622,1.517934622,0.05746,0.1166,0,0,-623099179.6,-495850913,0,-475270283.3,12,23.5737381
805,0,-499363072.4,-504946384.1,123736107.2,118152795.5,0.2345408538,0.2239577287,-5583311.724,-0.01058312507,0.9242544905,18.07574551,1,119.27466,0,0,-623099179.6,-495850913,0,-475270283.3,13,23.59345889
806,0,-498849664.6,-499556328.5,124249515,123542851.1,0.2355140145,0.2341745384,-706663.919,-0.001339476105,1.719404864,1.719404864,0.04693,0.08566,0,0,-623099179.6,-495850913,0,-475270283.3,14,23.60950327
807,0,-499590178.6,-504781181,123509001,118317998.6,0.2341103757,0.22427087,-5191002.413,-0.009839505747,0.655892701,29.3441073,1,159.49749,0,0,-623099179.6,-495850913,0,-475270283.3,15,23.62772965
808,0,-498641393.3,-496283780.3,124457786.3,126815399.3,0.235908791,0.2403776287,2357613.075,0.004468837723,1.436857462,1.436857462,0.05746,0.10659,0,0,-623099179.6,-495850913,0,-475270283.3,16,23.64405322
809,0,-496803907.4,-501732649.2,126295272.2,121366530.4,0.2393917316,0.230049339,-4928741.761,-0.009342392669,0.8776510657,16.12234893,1,84.143595,0,0,-623099179.6,-495850913,0,-475270283.3,17,23.66042566
810,0,-498977939.7,-499583996.4,124121239.9,123515183.2,0.2352708699,0.234122094,-606056.6935,-0.001148775871,0.9070225175,0.9070225175,0.04693,0.08751,0,0,-623099179.6,-495850913,0,-475270283.3,18,23.67638779
811,0,-499653999.7,-497378153,123445179.9,125721026.6,0.2339894032,0.2383032534,2275846.708,0.004313850193,0.6647792415,21.33522076,1,115.8865,0,0,-623099179.6,-495850913,0,-475270283.3,19,23.69245958
812,0,-498704837.5,-651411493.2,124394342.1,-28312313.62,0.2357885331,-0.05366577598,-152706655.7,-0.2894543091,1.215425498,326.9969766,1.53277,2187.57167,0,0,-623099179.6,-495850913,0,-475270283.3,20,23.70860171
813,0,-495850913,-498606703.7,127248266.6,124492475.9,0.2411981253,0.2359745449,-2755790.703,-0.005223580399,5.504934953,5.504934953,0.168645,0.4366,0,0,-623099179.6,-495850913,0,-475270283.3,21,23.76794934
814,0,-498050729,-498513676.7,125048450.6,124585502.9,0.2370283907,0.2361508769,-462947.664,-0.0008775137898,2.607707192,2.607707192,0.08439,0.34949,0,0,-623099179.6,-495850913,0,-475270283.3,22,23.90578508
815,0,-498132388.7,-487087269.7,124966790.9,136011909.9,0.2368736055,0.2578095449,11045119.01,0.02093593941,2.588124012,27.41187599,1,126.674625,0,0,-623099179.6,-495850913,0,-475270283.3,23,23.92137218
816,0,-495850913,-509285751.4,127248266.6,113813428.2,0.2411981253,0.2157324909,-13434838.41,-0.02546563443,4.706551268,4.706551268,0.11396,0.20606,0,0,-623099179.6,-495850913,0,-475270283.3,24,23.94224715
817,0,-506757031.3,-505969956.3,116342148.3,117129223.3,0.2205256608,0.2220175555,787074.9835,0.001491894668,1.126174062,1.126174062,0.04729,0.106395,0,0,-623099179.6,-495850913,0,-475270283.3,25,23.96961975
818,0,-505384087.9,-486209297,117715091.7,136889882.6,0.2231280646,0.2594737354,19174790.85,0.03634567078,0.8083398509,23.19166015,1,119.576305,0,0,-623099179.6,-495850913,0,-475270283.3,26,23.98561931
819,0,-495850913,-498700321.7,127248266.6,124398857.9,0.2411981253,0.2357970927,-2849408.692,-0.00540103259,1.364297014,1.364297014,0.05827,0.115145,0,0,-623099179.6,-495850913,0,-475270283.3,27,24.00426984
820,0,-498430851.1,-496137593.1,124668328.5,126961586.4,0.2363078723,0.2406547253,2293257.91,0.004346852996,0.9691757346,15.03082427,1,93.216915,0,0,-623099179.6,-495850913,0,-475270283.3,28,24.02439404
821,0,-495850913,-493822378,127248266.6,129276801.6,0.2411981253,0.245043198,2028535.007,0.003845072737,1.585742772,1.585742772,0.11319,0.20132,0,0,-623099179.6,-495850913,0,-475270283.3,29,24.0401113
822,0,-496147992.5,-497890690,126951187.1,125208489.6,0.2406350134,0.2373317435,-1742697.467,-0.003303269846,1.141184929,1.141184929,0.04729,0.082515,0,0,-623099179.6,-495850913,0,-475270283.3,30,24.05692506
823,0,-498004313.8,-495506686.1,125094865.8,127592493.5,0.2371163705,0.2418506048,2497627.633,0.004734234257,0.6848971009,12.3151029,1,62.357015,0,0,-623099179.6,-495850913,0,-475270283.3,31,24.07241559
824,0,-495850913,-493994381.4,127248266.6,129104798.2,0.2411981253,0.2447171669,1856531.623,0.003519041627,1.616557726,1.616557726,0.11319,0.210905,0,0,-623099179.6,-495850913,0,-475270283.3,32,24.08812881
825,0,-496405905.2,-498062693.4,126693274.4,125036486.2,0.2401461418,0.2370057124,-1656788.173,-0.00314042943,1.244163901,1.244163901,0.056875,0.0921,0,0,-623099179.6,-495850913,0,-475270283.3,33,24.1042943
826,0,-498262226.4,-496067264.5,124836953.2,127031915.1,0.236627499,0.2407880326,2194961.899,0.004160533651,0.7878760728,17.21212393,1,112.69585,0,0,-623099179.6,-495850913,0,-475270283.3,34,24.11980796
827,0,-495850913,-494460006.3,127248266.6,128639173.3,0.2411981253,0.2438345784,1390906.673,0.002636453061,1.771520209,1.771520209,0.11319,0.224365,0,0,-623099179.6,-495850913,0,-475270283.3,35,24.13576174
828,0,-496452740.3,-498528318.3,126646439.2,124570861.3,0.2400573661,0.2361231238,-2075577.967,-0.003934242312,1.339387499,1.339387499,0.05827,0.10556,0,0,-623099179.6,-495850913,0,-475270283.3,36,24.15211868
829,0,-498309061.6,-493197152.3,124790118,129902027.3,0.2365387233,0.2462283086,5111909.264,0.009689585282,0.8830996715,10.11690033,1,46.758045,0,0,-623099179.6,-495850913,0,-475270283.3,37,24.16760945
830,0,-496405905.2,-570390516.1,126693274.4,52708663.52,0.2401461418,0.09990887239,-73984610.88,-0.1402372694,1.244163901,328.7558361,1.089945,2100.458585,0,0,-623099179.6,-495850913,0,-475270283.3,38,24.18337893
831,0,-495850913,-493716396.8,127248266.6,129382782.8,0.2411981253,0.2452440846,2134516.214,0.004045959314,3.326196087,3.326196087,0.06562,0.11567,0,0,-623099179.6,-495850913,0,-475270283.3,39,24.27274609
832,0,-495850913,-510764938,127248266.6,112334241.6,0.2411981253,0.212928704,-14914024.96,-0.02826942133,1.12003393,12.87996607,1,28.83734,0,0,-623099179.6,-495850913,0,-475270283.3,40,24.39539218
833,0,-495850913,-496706153.8,127248266.6,126393025.8,0.2411981253,0.2395770228,-855240.8322,-0.001621102518,1.689086606,1.689086606,0.09304,0.172945,0,0,-623099179.6,-495850913,0,-475270283.3,41,24.42705464
834,0,-495850913,-494121908.4,127248266.6,128977271.2,0.2411981253,0.2444754404,1729004.571,0.003277315066,1.136124372,28.86387563,1,152.563825,0,0,-623099179.6,-495850913,0,-475270283.3,42,24.44622278
835,0,-495850913,-495290961,127248266.6,127808218.6,0.2411981253,0.2422595101,559952.0308,0.001061384832,3.147273157,3.147273157,0.11666,0.397215,0,0,-623099179.6,-495850913,0,-475270283.3,43,24.46770215
836,0,-495850913,-498549208.9,127248266.6,124549970.7,0.2411981253,0.2360835259,-2698295.902,-0.005114599441,2.0117861,2.0117861,0.107555,0.280555,0,0,-623099179.6,-495850913,0,-475270283.3,44,24.49564338
837,0,-496990202.5,-485410187.2,126108977.1,137688992.4,0.2390386107,0.260988442,11580015.31,0.02194983128,1.53806572,21.46193428,1.22439,118.086945,0,0,-623099179.6,-495850913,0,-475270283.3,45,24.51162791
838,0,-495850913,-493533375.7,127248266.6,129565803.9,0.2411981253,0.2455909998,2317537.341,0.004392874473,1.759510412,1.759510412,0.12035,0.200255,0,0,-623099179.6,-495850913,0,-475270283.3,46,24.5286324
839,0,-495850913,-492667408,127248266.6,130431771.6,0.2411981253,0.247232435,3183505.049,0.006034309703,1.416705762,26.58329424,1,130.964355,0,0,-623099179.6,-495850913,0,-475270283.3,47,24.54818964
840,0,-496618326.1,-498091131.7,126480853.5,125008047.9,0.2397434996,0.2369518078,-1472805.571,-0.002791691802,1.447285224,1.447285224,0.05615,0.13087,0,0,-623099179.6,-495850913,0,-475270283.3,48,24.56695604
841,0,-497444226.1,-512392436.2,125654953.5,110706743.4,0.2381780124,0.2098437935,-14948210.09,-0.02833421898,0.9123865334,15.08761347,1,83.86248,0,0,-623099179.6,-495850913,0,-475270283.3,49,24.5868361
842,0,-496745778.2,-504001016.8,126353401.4,119098162.8,0.239501915,0.2257496654,-7255238.525,-0.01375224966,3.787597051,3.787597051,0.18958,0.453085,0,0,-623099179.6,-489148443.8,0,-475270283.3,0,24.60304189
843,0,-495850913,-496424594.6,127248266.6,126674585,0.2411981253,0.2401107161,-573681.6266,-0.001087409177,1.922610966,1.922610966,0.15664,0.32839,0,0,-623099179.6,-495850913,0,-475270283.3,1,24.62045503
844,0,-495850913,-502135997.9,127248266.6,120963181.7,0.2411981253,0.2292847946,-6285084.85,-0.01191333072,1.607648747,9.410701016,1,1.578855,0,0,-623099179.6,-495850913,0,-475270283.3,2,24.64621353
845,0,-495850913,-494703137.8,127248266.6,128396041.8,0.2411981253,0.2433737245,1147775.206,0.002175599207,3.83076249,3.83076249,0.141005,0.213335,0,0,-623099179.6,-495850913,0,-475270283.3,3,24.68630672
846,0,-495850913,-504658340.8,127248266.6,118440838.8,0.2411981253,0.2245037126,-8807427.832,-0.01669441273,2.446793564,14.55320644,1,38.87782,0,0,-623099179.6,-495850913,0,-475270283.3,4,24.72378707
847,0,-495850913,-494332202.7,127248266.6,128766976.9,0.2411981253,0.2440768292,1518710.313,0.002878703892,4.43843424,4.43843424,0.20886,0.323385,0,0,-623099179.6,-495850913,0,-475270283.3,5,24.75795031
848,0,-495850913,-494820741.2,127248266.6,128278438.4,0.2411981253,0.2431508081,1030171.789,0.001952682822,2.068694424,2.068694424,0.097505,0.20795,0,0,-623099179.6,-495850913,0,-475270283.3,6,24.78850031
849,0,-495850913,-505709888.7,127248266.6,117389290.9,0.2411981253,0.2225105116,-9858975.681,-0.01868761371,2.068694424,26.93130558,1,132.095445,0,0,-623099179.6,-495850913,0,-475270283.3,7,24.8053503
850,0,-495850913,-488543301.7,127248266.6,134555877.9,0.2411981253,0.2550496473,7307611.35,0.01385152195,5.353474742,5.353474742,0.20886,0.36356,0,0,-623099179.6,-495850913,0,-475270283.3,8,24.83673143
851,0,-495850913,-493091157.3,127248266.6,130008022.3,0.2411981253,0.2464292213,2759755.695,0.005231096013,3.064007312,3.064007312,0.20886,0.30099,0,0,-623099179.6,-495850913,0,-475270283.3,9,24.87464571
852,0,-495850913,-493292573.2,127248266.6,129806606.4,0.2411981253,0.2460474391,2558339.854,0.004849313812,1.869097335,1.869097335,0.098845,0.190975,0,0,-623099179.6,-495850913,0,-475270283.3,10,24.89585543
853,0,-495850913,-516659457.1,127248266.6,106439722.5,0.2411981253,0.2017556877,-20808544.08,-0.03944243766,1.869097335,28.13090267,1,144.103695,0,0,-623099179.6,-495850913,0,-475270283.3,11,24.90765238
854,0,-495850913,-492697660.1,127248266.6,130401519.5,0.2411981253,0.2471750922,3153252.872,0.005976966931,3.133204013,3.133204013,0.13457,0.257165,0,0,-623099179.6,-495850913,0,-475270283.3,12,24.93367767
855,0,-496514729.5,-498198010.2,126584450.1,124901169.4,0.2399398661,0.2367492203,-1683280.702,-0.003190645818,0.933621004,0.933621004,0.04579,0.046785,0,0,-623099179.6,-495850913,0,-475270283.3,13,24.96566868
856,0,-498233749.5,-489226656.6,124865430.1,133872523,0.2366814769,0.2537543532,9007092.876,0.01707287631,0.4242662279,27.57573377,1,156.509155,0,0,-623099179.6,-495850913,0,-475270283.3,14,24.98187828
857,0,-495850913,-497001136.2,127248266.6,126098043.4,0.2411981253,0.2390178859,-1150223.201,-0.002180239364,3.983408058,3.983408058,0.07383,0.13433,0,0,-623099179.6,-495850913,0,-475270283.3,15,24.99895191
858,0,-496227413.3,-489449650,126871766.3,133649529.6,0.2404844718,0.2533316708,6777763.295,0.01284719898,1.174668349,25.82533165,1,142.241565,0,0,-623099179.6,-495850913,0,-475270283.3,16,25.02025127
859,0,-495850913,-492090714.1,127248266.6,131008465.5,0.2411981253,0.2483255539,3760198.931,0.007127428588,1.507369582,1.507369582,0.04579,0.082815,0,0,-623099179.6,-495850913,0,-475270283.3,17,25.04164028
860,0,-495850913,-537190033.4,127248266.6,85909146.23,0.2411981253,0.1628401359,-41339120.36,-0.07835798946,1.119989243,19.88001076,1,75.08668,0,0,-623099179.6,-495850913,0,-475270283.3,18,25.06539297
861,0,-509273045.4,-510759717.2,113826134.2,112339462.4,0.2157565751,0.2129385998,-1486671.884,-0.002817975293,2.909589937,2.909589937,0.10132,0.315005,0,0,-623099179.6,-495850913,0,-475270283.3,19,25.11348248
862,0,-508323238.9,-457140316.3,114775940.7,165958863.3,0.217556926,0.3145737681,51182922.62,0.09701684207,2.216490803,22.7835092,1,94.45112,0,0,-623099179.6,-495850913,0,-475270283.3,20,25.13006377
863,0,-495850913,-503866355,127248266.6,119232824.6,0.2411981253,0.2260049157,-8015442.013,-0.01519320961,3.105306682,3.105306682,0.192,0.341515,0,0,-623099179.6,-495850913,0,-475270283.3,21,25.14965558
864,0,-496262094.6,-492768014,126837085,130331165.6,0.2404187338,0.247041737,3494080.539,0.006623003191,2.198845262,17.80115474,1,74.743335,0,0,-623099179.6,-495850913,0,-475270283.3,22,25.17270255
865,0,-495850913,-494338873.9,127248266.6,128760305.7,0.2411981253,0.2440641839,1512039.066,0.002866058595,3.338388322,3.338388322,0.164725,0.486765,0,0,-623099179.6,-495850913,0,-475270283.3,23,25.19613242
866,0,-495850913,-494166870.6,127248266.6,128932309,0.2411981253,0.244390215,1684042.45,0.003192089705,3.040773399,3.040773399,0.164725,0.39999,0,0,-623099179.6,-495850913,0,-475270283.3,24,25.2191
867,0,-495850913,-504483758,127248266.6,118615421.6,0.2411981253,0.2248346331,-8632844.95,-0.0163634922,2.80356025,11.19643975,1,35.6559,0,0,-623099179.6,-495850913,0,-475270283.3,25,25.236871
868,0,-495850913,-491922290.9,127248266.6,131176888.7,0.2411981253,0.2486447988,3928622.126,0.007446673477,3.192335947,3.192335947,0.153765,0.22787,0,0,-623099179.6,-495850913,0,-475270283.3,26,25.25640178
869,0,-495850913,-502059089.5,127248266.6,121040090.1,0.2411981253,0.2294305738,-6208176.493,-0.01176755151,1.747738112,10.25226189,1,12.0288,0,0,-623099179.6,-495850913,0,-475270283.3,27,25.28445697
870,0,-495850913,-499355346.9,127248266.6,123743832.7,0.2411981253,0.2345554973,-3504433.934,-0.006642627973,0.9529307736,0.9529307736,0.017525,0.02103,0,0,-623099179.6,-495850913,0,-475270283.3,28,25.31556511
871,0,-499150037.7,-489056160.4,123949141.9,134043019.2,0.2349446594,0.2540775273,10093877.3,0.01913286795,0.1914282825,14.80857172,1,76.552595,0,0,-623099179.6,-495850913,0,-475270283.3,29,25.33348942
872,0,-495850913,-498785440.9,127248266.6,124313738.7,0.2411981253,0.2356357499,-2934527.914,-0.00556237543,1.474202104,1.474202104,0.07383,0.091355,0,0,-623099179.6,-495850913,0,-475270283.3,30,25.35061336
873,0,-498565498,-488530923.4,124533681.6,134568256.2,0.23605265,0.2550731102,10034574.65,0.01902046024,0.7917461545,19.20825385,1,117.242115,0,0,-623099179.6,-495850913,0,-475270283.3,31,25.37234688
874,0,-495850913,-567375139,127248266.6,55724040.57,0.2411981253,0.1056244968,-71524226.01,-0.1355736286,1.089598664,345.5424577,1.52575,2275.70844,0,0,-623099179.6,-495850913,0,-475270283.3,32,25.38913846
875,0,-495850913,-498558391.1,127248266.6,124540788.5,0.2411981253,0.2360661212,-2707478.063,-0.005132004157,8.937618677,8.937618677,0.34339,1.192435,0,0,-623099179.6,-495850913,0,-475270283.3,33,25.47439241
876,0,-495850913,-485207679.3,127248266.6,137891500.2,0.2411981253,0.2613722941,10643233.66,0.02017416877,5.032162167,5.032162167,0.14262,0.46518,0,0,-623099179.6,-495850913,0,-475270283.3,34,25.6577034
877,0,-495850913,-494889503.9,127248266.6,128209675.7,0.2411981253,0.243020469,961409.1076,0.00182234368,2.060456236,2.060456236,0.14262,0.361265,0,0,-623099179.6,-495850913,0,-475270283.3,35,25.68937397
878,0,-495850913,-487622837.9,127248266.6,135476341.7,0.2411981253,0.2567943794,8228075.131,0.01559625408,1.768406393,22.23159361,1,108.05072,0,0,-623099179.6,-495850913,0,-475270283.3,36,25.71215296
879,0,-495850913,-490737692,127248266.6,132361487.6,0.2411981253,0.250890197,5113221.025,0.009692071715,2.842445831,2.842445831,0.07297,0.236555,0,0,-623099179.6,-495850913,0,-475270283.3,37,25.73569989
880,0,-495850913,-490328525,127248266.6,132770654.6,0.2411981253,0.25166577,5522388.055,0.01046764472,1.785857804,1.785857804,0.07297,0.17271,0,0,-623099179.6,-495850913,0,-475270283.3,38,25.75673461
881,0,-495850913,-529935618.9,127248266.6,93163560.67,0.2411981253,0.1765908235,-34084705.92,-0.06460730186,1.480693726,18.51930627,1,65.37319,0,0,-623099179.6,-495850913,0,-475270283.3,39,25.77374434
882,0,-506588509.7,-485311620.6,116510669.9,137787559,0.2208450921,0.2611752742,21276889.15,0.04033018219,5.534400294,5.534400294,0.62938,0.774615,0,0,-623099179.6,-495850913,0,-475270283.3,40,25.79485035
883,0,-495850913,-494521804.8,127248266.6,128577374.8,0.2411981253,0.2437174399,1329108.213,0.002519314549,1.297275568,1.297275568,0.07503,0.18793,0,0,-623099179.6,-495850913,0,-475270283.3,41,25.82195687
884,0,-495850913,-508826329.2,127248266.6,114272850.3,0.2411981253,0.2166033221,-12975416.24,-0.02459480318,0.9366991826,21.06330082,1,69.35661,0,0,-623099179.6,-495850913,0,-475270283.3,42,25.84209919
885,0,-496201757.5,-497248256.4,126897422.1,125850923.2,0.2405331022,0.2385494716,-1046498.83,-0.001983630605,2.978939522,2.978939522,0.2151,0.301325,0,0,-623099179.6,-495850913,0,-475270283.3,43,25.86937833
886,0,-495850913,-500706281.3,127248266.6,122392898.3,0.2411981253,0.2319948115,-4855368.306,-0.009203313841,1.865018434,1.865018434,0.080835,0.142915,0,0,-623099179.6,-495850913,0,-475270283.3,44,25.89259553
887,0,-502920692.4,-501456338.9,120178487.1,121642840.7,0.2277974119,0.230573083,1464353.541,0.002775671043,1.449029192,28.55097081,1,135.41635,0,0,-623099179.6,-495850913,0,-475270283.3,45,25.91679335
888,0,-507850049.1,-507809528.7,115249130.5,115289650.9,0.2184538537,0.2185306598,40520.42739,7.680616315e-05,1.555455956,1.555455956,0.07297,0.199645,0,0,-623099179.6,-495850913,0,-475270283.3,46,25.93824816
889,0,-507850049.1,-514116432.1,115249130.5,108982747.5,0.2184538537,0.2065759723,-6266382.951,-0.01187788141,1.555455956,21.44454404,1,82.33651,0,0,-623099179.6,-495850913,0,-475270283.3,47,25.95484781
890,0,-495850913,-498465338.2,127248266.6,124633841.4,0.2411981253,0.2362425022,-2614425.2,-0.00495562316,3.284880086,3.284880086,0.08503,0.24085,0,0,-623099179.6,-495850913,0,-475270283.3,48,25.97683358
891,0,-499440418.3,-514625705.6,123658761.3,108473474,0.2343942452,0.2056106481,-15185287.33,-0.02878359709,1.952134324,21.04786568,1,77.446535,0,0,-623099179.6,-495850913,0,-475270283.3,49,26.01473832
892,0,-498534510.7,-502239495.8,124564668.9,120859683.8,0.2361113862,0.229088615,-3704985.138,-0.007022771261,3.595968996,3.595968996,0.18722,0.42176,0,0,-623099179.6,-492156538.8,0,-475270283.3,0,26.03354406
893,0,-498672102,-499727949.1,124427077.6,123371230.5,0.235850583,0.2338492328,-1055847.123,-0.002001350223,2.85311955,11.14688045,1,18.155705,0,0,-623099179.6,-495850913,0,-475270283.3,1,26.050421
894,0,-499140451.9,-497955214.1,123958727.7,125143965.5,0.2349628293,0.2372094385,1185237.798,0.002246609267,1.3120589,1.3120589,0.07297,0.15529,0,0,-623099179.6,-495850913,0,-475270283.3,2,26.069803
895,0,-499254582.2,-508378586.8,123844597.4,114720592.8,0.2347464961,0.2174520145,-9124004.63,-0.01729448165,1.121858873,24.87814113,1,113.426735,0,0,-623099179.6,-495850913,0,-475270283.3,3,26.08578992
896,0,-499498340.3,-503376412.5,123600839.3,119722767.1,0.2342844545,0.226933598,-3878072.257,-0.007350856583,2.372946865,2.372946865,0.18722,0.35303,0,0,-623099179.6,-495850913,0,-475270283.3,4,26.10397768
897,0,-499391266.3,-508559399.2,123707913.3,114539780.3,0.2344874124,0.2171092859,-9168132.916,-0.01737812649,2.265093603,21.7349064,1,107.857565,0,0,-623099179.6,-495850913,0,-475270283.3,5,26.12264037
898,0,-499554132.3,-498255262.5,123545047.3,124843917.1,0.2341787013,0.236640699,1298869.741,0.002461997755,1.309184475,1.309184475,0.07297,0.15627,0,0,-623099179.6,-495850913,0,-475270283.3,6,26.14423561
899,0,-499486119.1,-513659279.1,123613060.5,109439900.5,0.2343076197,0.2074425022,-14173160.03,-0.02686511746,1.128615963,24.87138404,1,117.311555,0,0,-623099179.6,-495850913,0,-475270283.3,7,26.1600666
900,0,-499708072.3,-503697505.7,123391107.2,119401673.9,0.233886909,0.2263249682,-3989433.391,-0.00756194077,2.372946865,2.372946865,0.18722,0.351555,0,0,-623099179.6,-495850913,0,-475270283.3,8,26.17797065
901,0,-499726127,-511186823.5,123373052.6,111912356.1,0.2338526865,0.2121290232,-11460696.49,-0.02172366337,2.251847678,17.74815232,1,80.392565,0,0,-623099179.6,-495850913,0,-475270283.3,9,26.19468379
902,0,-499678028.6,-639257733.6,123421151,-16158553.99,0.2339438567,-0.03062841668,-139579705,-0.2645722733,1.332263816,343.5743285,1.50697,2169.079815,0,0,-623099179.6,-495850913,0,-475270283.3,10,26.21492386
903,0,-495850913,-494428426.7,127248266.6,128670752.9,0.2411981253,0.2438944374,1422486.33,0.002696312062,7.872958253,7.872958253,0.3319,0.48847,0,0,-623099179.6,-495850913,0,-475270283.3,11,26.28301978
904,0,-495850913,-496570863.8,127248266.6,126528315.8,0.2411981253,0.2398334641,-719950.7597,-0.001364661211,1.562824732,1.562824732,0.13912,0.32778,0,0,-623099179.6,-495850913,0,-475270283.3,12,26.41873407
905,0,-495850913,-499239827.6,127248266.6,123859352,0.2411981253,0.2347744633,-3388914.634,-0.006423662015,1.393110127,11.60688987,1,22.24811,0,0,-623099179.6,-495850913,0,-475270283.3,13,26.43528962
906,0,-500103191.9,-499741899.7,122995987.7,123357279.9,0.2331379629,0.2338227895,361292.1558,0.0006848265443,1.203348983,1.203348983,0.06889,0.12972,0,0,-623099179.6,-495850913,0,-475270283.3,14,26.45629358
907,0,-500991640.8,-498730785.5,122107538.8,124368394.1,0.2314539147,0.2357393489,2260855.352,0.004285434192,0.7966823848,13.20331762,1,62.315875,0,0,-623099179.6,-495850913,0,-475270283.3,15,26.47372079
908,0,-504313583.4,-505676258.7,118785596.2,117422920.9,0.2251571977,0.222574257,-1362675.277,-0.002582940664,1.47412417,1.47412417,0.083055,0.129945,0,0,-623099179.6,-495850913,0,-475270283.3,16,26.49017835
909,0,-504397344.1,-498015833,118701835.5,125083346.6,0.2249984299,0.2370945359,6381511.096,0.01209610594,1.234283248,17.76571675,1,101.869365,0,0,-623099179.6,-495850913,0,-475270283.3,17,26.50729609
910,0,-496602810.5,-498043333.7,126496369.1,125055845.9,0.2397729093,0.2370424085,-1440523.159,-0.002730500736,1.364689451,1.364689451,0.06884,0.110605,0,0,-623099179.6,-495850913,0,-475270283.3,18,26.52359414
911,0,-497755650.2,-498215337.1,125343529.4,124883842.5,0.2375877104,0.2367163774,-459686.8561,-0.0008713329532,0.7263825401,0.7263825401,0.02317,0.041765,0,0,-623099179.6,-495850913,0,-475270283.3,19,26.53930044
912,0,-497821320.6,-494111415.6,125277859,128987764,0.2374632327,0.2444953295,3709905.007,0.007032096835,0.3445855844,19.65541442,1,122.823005,0,0,-623099179.6,-495850913,0,-475270283.3,20,26.55477142
913,0,-495850913,-495071545.3,127248266.6,128027634.3,0.2411981253,0.2426754109,779367.6967,0.001477285565,1.095161515,1.095161515,0.0342,0.05737,0,0,-623099179.6,-495850913,0,-475270283.3,21,26.57080245
914,0,-496126219.5,-504091424.5,126972960.1,119007755.1,0.240676284,0.2255782982,-7965205.037,-0.0150979858,0.4807905246,11.51920948,1,62.099795,0,0,-623099179.6,-495850913,0,-475270283.3,22,26.58886099
915,0,-502503105.9,-505809997.5,120596073.7,117289182.1,0.228588944,0.2223207561,-3306891.543,-0.006268187867,1.280492791,1.280492791,0.02372,0.065485,0,0,-623099179.6,-495850913,0,-475270283.3,23,26.60433912
916,0,-504660926,-496897912.1,118438253.6,126201267.5,0.2244988124,0.2392135464,7763013.88,0.014714734,0.568591228,18.43140877,1,120.462425,0,0,-623099179.6,-495850913,0,-475270283.3,24,26.62027979
917,0,-496866586,-508721626.9,126232593.5,114377552.7,0.2392729248,0.2168017847,-11855040.81,-0.02247114005,0.9332931094,328.65699,1,2023.198195,0,0,-623099179.6,-495850913,0,-475270283.3,25,26.63623786
918,0,-495850913,-493846575.7,127248266.6,129252603.9,0.2411981253,0.2449973315,2004337.302,0.003799206171,4.043245726,4.043245726,0.032255,0.052265,0,0,-623099179.6,-495850913,0,-475270283.3,26,26.69965172
919,0,-495850913,-514948115.2,127248266.6,108151064.4,0.2411981253,0.2049995232,-19097202.23,-0.03619860215,0.8631781975,17.1368218,1,97.65099,0,0,-623099179.6,-495850913,0,-475270283.3,27,26.82111311
920,0,-503816994.3,-504798785.4,119282185.3,118300394.2,0.2260984786,0.224237501,-981791.1005,-0.001860977593,1.334122716,1.334122716,0.09039,0.19687,0,0,-623099179.6,-495850913,0,-475270283.3,28,26.84181237
921,0,-503976648.3,-503066934.4,119122531.3,120032245.2,0.2257958557,0.2275202114,909713.8612,0.001724355732,1.215485411,27.78451459,1,157.893215,0,0,-623099179.6,-495850913,0,-475270283.3,29,26.85894656
922,0,-502126944.6,-502918521,120972235,120180658.6,0.229301955,0.227801528,-791576.3756,-0.001500427023,1.474256823,1.474256823,0.062485,0.151965,0,0,-623099179.6,-495850913,0,-475270283.3,30,26.87543011
923,0,-501772367.6,-496424192,121326812,126674987.6,0.2299740531,0.2401114793,5348175.539,0.01013742622,1.131365383,20.86863462,1,117.855085,0,0,-623099179.6,-495850913,0,-475270283.3,31,26.89261246
924,0,-499192780.4,-501119179.7,123906399.2,121979999.9,0.2348636409,0.2312121658,-1926399.218,-0.003651475123,2.067826754,2.067826754,0.08513,0.195745,0,0,-623099179.6,-495850913,0,-475270283.3,32,26.90849161
925,0,-501848069.3,-504761288.3,121251110.3,118337891.3,0.229830561,0.2243085765,-2913218.96,-0.005521984469,1.338803779,16.66119622,1,65.87969,0,0,-623099179.6,-495850913,0,-475270283.3,33,26.92420411
926,0,-500182071.8,-494031641.6,122917107.8,129067538,0.2329884467,0.2446465405,6150430.158,0.01165809377,2.435687035,2.435687035,0.08513,0.202415,0,0,-623099179.6,-495850913,0,-475270283.3,34,26.94043064
927,0,-495850913,-500512688.7,127248266.6,122586490.9,0.2411981253,0.2323617648,-4661775.692,-0.008836360508,1.463684217,1.463684217,0.08513,0.139175,0,0,-623099179.6,-495850913,0,-475270283.3,35,26.95919228
928,0,-498545197.9,-506808279.9,124553981.7,116290899.7,0.2360911288,0.2204285195,-8263081.987,-0.01566260931,0.9302978547,20.06970215,1,112.46202,0,0,-623099179.6,-495850913,0,-475270283.3,36,26.97687793
929,0,-495850913,-495947770.2,127248266.6,127151409.4,0.2411981253,0.2410145333,-96857.15728,-0.0001835920078,1.214876675,1.214876675,0.04824,0.08841,0,0,-623099179.6,-495850913,0,-475270283.3,37,26.99416494
930,0,-495850913,-496229546.9,127248266.6,126869632.7,0.2411981253,0.2404804277,-378633.8609,-0.000717697615,0.6303714844,26.36962852,1,133.6485,0,0,-623099179.6,-495850913,0,-475270283.3,38,27.020082
931,0,-500446388.6,-502822913.9,122652791,120276265.7,0.2324874362,0.2279827505,-2376525.277,-0.004504685658,3.091330857,3.091330857,0.15515,0.24554,0,0,-623099179.6,-495850913,0,-475270283.3,39,27.04027867
932,0,-501198561.2,-502673824.1,121900618.4,120425355.5,0.2310616987,0.2282653491,-1475262.855,-0.002796349566,0.8309402277,0.8309402277,0.09039,0.134185,0,0,-623099179.6,-495850913,0,-475270283.3,40,27.05692673
933,0,-501198561.2,-500922106.9,121900618.4,122177072.7,0.2310616987,0.2315857157,276454.3214,0.0005240170718,0.8309402277,27.16905977,1,164.256075,0,0,-623099179.6,-495850913,0,-475270283.3,41,27.06867313
934,0,-500246061.9,-496864353.5,122853117.7,126234826.1,0.2328671538,0.2392771565,3381708.391,0.006410002636,1.220688483,1.220688483,0.03799,0.05594,0,0,-623099179.6,-495850913,0,-475270283.3,42,27.08468819
935,0,-497210260.2,-505145583.5,125888919.4,117953596.1,0.238621493,0.2235801478,-7935323.336,-0.01504134527,0.4273846117,17.57261539,1,110.55946,0,0,-623099179.6,-495850913,0,-475270283.3,43,27.10225844
936,0,-501635633.4,-504608103.8,121463546.2,118491075.8,0.2302332317,0.2245989366,-2972470.365,-0.005634295059,1.105095203,1.105095203,0.10153,0.20462,0,0,-623099179.6,-495850913,0,-475270283.3,44,27.11793995
937,0,-501521143.9,-498941572.6,121578035.7,124157607,0.2304502457,0.2353398035,2579571.296,0.004889557849,0.8679010455,0.8679010455,0.05285,0.097625,0,0,-623099179.6,-495850913,0,-475270283.3,45,27.13369536
938,0,-497539773,-491662995.7,125559406.6,131436183.9,0.237996904,0.2491362908,5876777.305,0.01113938686,0.6752896157,29.32471038,1,170.85803,0,0,-623099179.6,-495850913,0,-475270283.3,46,27.14930677
939,0,-495850913,-491626772.2,127248266.6,131472407.4,0.2411981253,0.2492049522,4224140.804,0.008006826893,1.361944515,1.361944515,0.08854,0.12975,0,0,-623099179.6,-495850913,0,-475270283.3,47,27.16807938
940,0,-495850913,-518066379.9,127248266.6,105032799.7,0.2411981253,0.199088876,-22215466.94,-0.04210924928,1.175741561,12.82425844,1,70.02686,0,0,-623099179.6,-495850913,0,-475270283.3,48,27.18828249
941,0,-500487397.2,-498906983.7,122611782.4,124192195.9,0.2324097046,0.2354053665,1580413.523,0.00299566186,1.119410397,1.119410397,0.04639,0.090185,0,0,-623099179.6,-495850913,0,-475270283.3,49,27.20870686
942,0,-497566799.4,-477097377.3,125532380.2,146001802.3,0.2379456756,0.2767453103,20469422.16,0.03879963463,0.6365872588,19.36341274,1.10497,112.70848,0,0,-623099179.6,-491110029.2,0,-475270283.3,0,27.2246964
943,0,-495850913,-491451036.6,127248266.6,131648143,0.2411981253,0.2495380578,4399876.435,0.008339932451,1.208967589,1.208967589,0.08854,0.12975,0,0,-623099179.6,-495850913,0,-475270283.3,1,27.24155498
944,0,-495850913,-517480474.9,127248266.6,105618704.7,0.2411981253,0.2001994545,-21629561.92,-0.04099867077,1.208967589,14.79103241,1,95.594215,0,0,-623099179.6,-495850913,0,-475270283.3,2,27.25730634
945,0,-504003504.2,-505388030.8,119095675.4,117711148.8,0.2257449505,0.2231205908,-1384526.624,-0.002624359727,0.8693884741,0.8693884741,0.06567,0.141285,0,0,-623099179.6,-495850913,0,-475270283.3,3,27.27695894
946,0,-503867583.5,-495247630.9,119231596.1,127851548.7,0.2260025871,0.2423416419,8619952.599,0.01633905485,0.7120274334,17.28797257,1,112.24,0,0,-623099179.6,-495850913,0,-475270283.3,4,27.29157948
947,0,-502389543.8,-500910551.8,120709635.8,122188627.8,0.2288042002,0.2316076184,1478992.002,0.002803418135,0.6944131447,0.6944131447,0.07354,0.11153,0,0,-623099179.6,-495850913,0,-475270283.3,5,27.30716252
948,0,-499706714.8,-502624128.4,123392464.8,120475051.2,0.2338894821,0.2283595469,-2917413.526,-0.005529935236,0.6944131447,16.30558686,1,105.170955,0,0,-623099179.6,-495850913,0,-475270283.3,6,27.32268643
949,0,-497220202.6,-492985437.5,125878977,130113742.1,0.2386026473,0.2466296124,4234765.11,0.008026965185,1.492424937,1.492424937,0.07381,0.136535,0,0,-623099179.6,-495850913,0,-475270283.3,7,27.3384192
950,0,-495850913,-498516075.4,127248266.6,124583104.2,0.2411981253,0.2361463301,-2665162.422,-0.00505179518,0.9575358792,21.04246412,1,111.809525,0,0,-623099179.6,-495850913,0,-475270283.3,8,27.3552897
951,0,-503912015.5,-504274808.3,119187164.1,118824371.3,0.2259183666,0.2252306956,-362792.7675,-0.0006876709423,1.100048792,1.100048792,0.06567,0.19734,0,0,-623099179.6,-495850913,0,-475270283.3,9,27.37422061
952,0,-503776094.9,-492027453.6,119323084.7,131071726,0.2261760031,0.2484454637,11748641.28,0.02226946054,0.9426877509,24.05731225,1,145.131945,0,0,-623099179.6,-495850913,0,-475270283.3,10,27.3906436
953,0,-499529267.4,-500767048.7,123569912.2,122332130.9,0.2342258325,0.2318796273,-1237781.358,-0.002346205187,0.641895974,0.641895974,0.04639,0.091165,0,0,-623099179.6,-495850913,0,-475270283.3,11,27.4062922
954,0,-499529267.4,-493934418.7,123569912.2,129164760.9,0.2342258325,0.2448308258,5594848.727,0.01060499338,0.641895974,13.35810403,1,85.1086,0,0,-623099179.6,-495850913,0,-475270283.3,12,27.42208242
955,0,-495850913,-493571178.8,127248266.6,129528000.8,0.2411981253,0.2455193442,2279734.166,0.004321218841,1.190972457,1.190972457,0.08854,0.19714,0,0,-623099179.6,-495850913,0,-475270283.3,13,27.43850017
956,0,-495850913,-517067636.7,127248266.6,106031542.9,0.2411981253,0.2009819863,-21216723.68,-0.04021613901,1.190972457,14.80902754,1,85.876275,0,0,-623099179.6,-495850913,0,-475270283.3,14,27.45408678
957,0,-504107968.1,-504683975.3,118991211.5,118415204.3,0.22554694,0.2244551226,-576007.2239,-0.001091817329,1.155671332,1.155671332,0.06567,0.203145,0,0,-623099179.6,-495850913,0,-475270283.3,15,27.47054768
958,0,-503972047.4,-491009505.4,119127132.1,132089674.2,0.2258045765,0.2503749768,12962542.07,0.02457040029,0.9983102916,27.00168971,1.00878,159.628715,0,0,-623099179.6,-495850913,0,-475270283.3,16,27.48514104
959,0,-499481978.1,-500617958.9,123617201.5,122481220.7,0.2343154689,0.2321622259,-1135980.793,-0.002153242988,0.5809647181,0.5809647181,0.04639,0.08438,0,0,-623099179.6,-495850913,0,-475270283.3,17,27.50078988
960,0,-499481978.1,-492378363.5,123617201.5,130720816.1,0.2343154689,0.2477803166,7103614.621,0.0134648477,0.5809647181,24.41903528,1,133.912745,0,0,-623099179.6,-495850913,0,-475270283.3,18,27.51695156
961,0,-495850913,-493720268.6,127248266.6,129378910.9,0.2411981253,0.2452367455,2130644.356,0.004038620235,1.281701656,1.281701656,0.08854,0.203925,0,0,-623099179.6,-495850913,0,-475270283.3,19,27.53408742
962,0,-495850913,-516049865.8,127248266.6,107049313.8,0.2411981253,0.2029111634,-20198952.76,-0.03828696193,1.253231397,10.7467686,1,51.21053,0,0,-623099179.6,-495850913,0,-475270283.3,20,27.55177259
963,0,-503903004.5,-654043099.4,119196175,-30943919.79,0.2259354468,-0.05865396553,-150140094.8,-0.2845894123,1.100048792,334.5102744,1.43238,2206.015035,0,0,-623099179.6,-495850913,0,-475270283.3,21,27.57024217
964,0,-495850913,-498078025.5,127248266.6,125021154.1,0.2411981253,0.2369766505,-2227112.484,-0.004221474842,7.405023604,7.405023604,0.100295,0.236675,0,0,-623099179.6,-495850913,0,-475270283.3,22,27.64523506
965,0,-496783761,-497074332.2,126315418.6,126024847.4,0.239429919,0.2388791434,-290571.2547,-0.0005507756119,2.025869377,2.025869377,0.04659,0.10144,0,0,-623099179.6,-495850913,0,-475270283.3,23,27.81263041
966,0,-495850913,-490500934.9,127248266.6,132598244.7,0.2411981253,0.2513389682,5349978.088,0.01014084293,0.8194553556,27.18054464,1,130.822745,0,0,-623099179.6,-495850913,0,-475270283.3,24,27.83195662
967,0,-495850913,-498691323.7,127248266.6,124407855.8,0.2411981253,0.2358141483,-2840410.74,-0.00538397704,3.162058866,3.162058866,0.058405,0.142665,0,0,-623099179.6,-495850913,0,-475270283.3,25,27.86091781
968,0,-497350307.1,-495547532,125748872.5,127551647.6,0.2383560351,0.2417731817,1802775.137,0.003417146615,1.048914058,1.048914058,0.0483,0.125515,0,0,-623099179.6,-495850913,0,-475270283.3,26,27.88971138
969,0,-495850913,-495262555.4,127248266.6,127836624.2,0.2411981253,0.2423133527,588357.6164,0.001115227405,0.9195356558,27.08046434,1,149.810245,0,0,-623099179.6,-495850913,0,-475270283.3,27,27.90659547
970,0,-495850913,-500826444.3,127248266.6,122272735.3,0.2411981253,0.2317670434,-4975531.291,-0.009431081868,2.460273662,2.460273662,0.058405,0.122725,0,0,-623099179.6,-495850913,0,-475270283.3,28,27.93357587
971,0,-496487441.8,-497682652.5,126611737.8,125416527.1,0.2399915897,0.2377260769,-1195210.692,-0.002265512812,1.585413646,1.585413646,0.14293,0.3076,0,0,-623099179.6,-495850913,0,-475270283.3,29,27.97338271
972,0,-496487441.8,-490491885.2,126611737.8,132607294.3,0.2399915897,0.2513561218,5995556.593,0.0113645321,1.585413646,28.41458635,1,159.515405,0,0,-623099179.6,-495850913,0,-475270283.3,30,27.9888792
973,0,-498358005.2,-491347273,124741174.4,131751906.6,0.236445951,0.2497347408,7010732.227,0.01328878983,3.100319736,3.100319736,0.21467,0.25063,0,0,-623099179.6,-495850913,0,-475270283.3,31,28.00515509
974,0,-495850913,-495895128.7,127248266.6,127204050.9,0.2411981253,0.2411143149,-44215.64713,-8.381042416e-05,0.7472635344,0.7472635344,0.03596,0.076375,0,0,-623099179.6,-495850913,0,-475270283.3,32,28.02976036
975,0,-496738749.9,-486414026.1,126360429.7,136685153.5,0.2395152372,0.259085673,10324723.82,0.01957043578,0.6552063299,24.34479367,1,124.125795,0,0,-623099179.6,-495850913,0,-475270283.3,33,28.04869866
976,0,-495850913,-496626185.3,127248266.6,126472994.3,0.2411981253,0.2397286025,-775272.3029,-0.001469522777,2.814077877,2.814077877,0.058405,0.094365,0,0,-623099179.6,-495850913,0,-475270283.3,34,28.06801748
977,0,-495850913,-482791650.3,127248266.6,140307529.3,0.2411981253,0.2659518589,13059262.71,0.02475373354,0.8704464382,21.12955356,1.04365,112.532215,0,0,-623099179.6,-495850913,0,-475270283.3,35,28.1018486
978,0,-496997176.3,-499214656,126102003.3,123884523.5,0.2390253919,0.2348221759,-2217479.75,-0.004203216067,1.032706982,1.032706982,0.03596,0.06364,0,0,-623099179.6,-495850913,0,-475270283.3,36,28.12191439
979,0,-499082935.9,-486508930.2,124016243.7,136590249.4,0.2350718504,0.258905783,12574005.73,0.02383393261,0.5674755572,26.43252444,1,143.40289,0,0,-623099179.6,-495850913,0,-475270283.3,37,28.13863182
980,0,-495850913,-625496587.5,127248266.6,-2397407.941,0.2411981253,-0.004544268591,-129645674.5,-0.2457423939,2.814077877,334.1110587,1.29623,2207.614495,0,0,-623099179.6,-495850913,0,-475270283.3,38,28.1589582
981,0,-495850913,-502358211.7,127248266.6,120740967.9,0.2411981253,0.22886359,-6507298.647,-0.01233453529,6.822728125,6.822728125,0.19304,0.31353,0,0,-623099179.6,-495850913,0,-475270283.3,39,28.24699855
982,0,-500727371.2,-502017330.1,122371808.4,121081849.5,0.2319548357,0.2295097284,-1289958.907,-0.002445107336,1.821027363,1.821027363,0.08065,0.19557,0,0,-623099179.6,-495850913,0,-475270283.3,40,28.4312408
983,0,-500837654.8,-502215768.7,122261524.8,120883410.9,0.2317457941,0.2291335896,-1378113.921,-0.002612204496,1.472547277,1.472547277,0.08065,0.12049,0,0,-623099179.6,-495850913,0,-475270283.3,41,28.44678879
984,0,-500773124.2,-479454544.9,122326055.4,143644634.7,0.2318681112,0.2722773168,21318579.32,0.0404092056,1.210375681,27.78962432,1.26709,146.117835,0,0,-623099179.6,-495850913,0,-475270283.3,42,28.46282315
985,0,-495850913,-493575925,127248266.6,129523254.5,0.2411981253,0.2455103478,2274987.959,0.004312222441,2.075664614,2.075664614,0.078015,0.201895,0,0,-623099179.6,-495850913,0,-475270283.3,43,28.48530746
986,0,-495850913,-512153086.2,127248266.6,110946093.4,0.2411981253,0.2102974795,-16302173.2,-0.0309006458,1.978791069,15.02120893,1,33.60723,0,0,-623099179.6,-495850913,0,-475270283.3,44,28.51030636
987,0,-495850913,-492260605.4,127248266.6,130838574.2,0.2411981253,0.2480035261,3590307.575,0.006805400808,1.611891561,1.611891561,0.080275,0.080275,0,0,-623099179.6,-495850913,0,-475270283.3,45,28.53477001
988,0,-495850913,-493415430.5,127248266.6,129683749.1,0.2411981253,0.245814564,2435482.532,0.004616438689,1.376477261,26.62352274,1,136.470115,0,0,-623099179.6,-495850913,0,-475270283.3,46,28.56153417
989,0,-495850913,-485909749.9,127248266.6,137189429.7,0.2411981253,0.2600415246,9941163.09,0.01884339932,2.726749369,2.726749369,0.144,0.29575,0,0,-623099179.6,-495850913,0,-475270283.3,47,28.58928323
990,0,-495850913,-492439233.9,127248266.6,130659945.7,0.2411981253,0.2476649373,3411679.151,0.006466811984,1.926127454,1.926127454,0.09966,0.15175,0,0,-623099179.6,-495850913,0,-475270283.3,48,28.61030602
991,0,-495850913,-507154028.2,127248266.6,115945151.4,0.2411981253,0.219773156,-11303115.22,-0.02142496927,1.53236555,22.46763445,1,130.53093,0,0,-623099179.6,-495850913,0,-475270283.3,49,28.62786102
992,0,-496937547.3,-494920812.3,126161632.3,128178367.2,0.2391384182,0.2429611241,2016734.963,0.003822705844,0.9249708968,0.9249708968,0.007035,0.01012,0,0,-623099179.6,-486072896.8,0,-475270283.3,0,28.64697456
993,0,-495850913,-497626291.2,127248266.6,125472888.4,0.2411981253,0.2378329094,-1775378.209,-0.003365215945,0.2216901225,12.77830988,1,46.868585,0,0,-623099179.6,-495850913,0,-475270283.3,1,28.66907096
994,0,-496666918.6,-494222653.9,126432261,128876525.7,0.2396513928,0.2442844782,2444264.771,0.004633085355,1.57547438,1.57547438,0.05209,0.054315,0,0,-623099179.6,-495850913,0,-475270283.3,2,28.6958549
995,0,-495850913,-505109134.4,127248266.6,117990045.2,0.2411981253,0.2236492367,-9258221.436,-0.01754888859,1.062112741,20.93788726,1,118.625035,0,0,-623099179.6,-495850913,0,-475270283.3,3,28.71232462
996,0,-498864120.6,-637649486.8,124235059,-14550307.23,0.2354866132,-0.02757999713,-138785366.2,-0.2630666103,2.405887927,321.7319345,1.15484,2140.25114,0,0,-623099179.6,-495850913,0,-475270283.3,4,28.7297368
997,0,-495850913,-507611923.1,127248266.6,115487256.5,0.2411981253,0.2189052198,-11761010.06,-0.02229290547,4.384225454,4.384225454,0.17568,0.44643,0,0,-623099179.6,-495850913,0,-475270283.3,5,28.7940135
998,0,-495850913,-502024227.2,127248266.6,121074952.4,0.2411981253,0.2294966551,-6173314.166,-0.01170147023,2.607931842,2.607931842,0.17568,0.267905,0,0,-623099179.6,-495850913,0,-475270283.3,6,28.94732761
999,0,-495850913,-469340037.9,127248266.6,153759141.7,0.2411981253,0.2914492883,26510875.15,0.05025116301,2.176869992,24.82313001,1,98.95902,0,0,-623099179.6,-495850913,0,-475270283.3,7,28.96546578
1000,0,-495850913,-490557087.8,127248266.6,132542091.8,0.2411981253,0.2512325309,5293825.228,0.01003440561,3.084881374,3.084881374,0.05426,0.128765,0,0,-623099179.6,-495850913,0,-475270283.3,8,28.99381685
1001,0,-495850913,-515985139.4,127248266.6,107114040.2,0.2411981253,0.2030338516,-20134226.43,-0.03816427367,1.967978406,22.03202159,1,106.77467,0,0,-623099179.6,-495850913,0,-475270283.3,9,29.02670813
1002,0,-508948081.1,-506684675.7,114151098.5,116414503.9,0.2163725424,0.2206628103,2263405.445,0.004290267875,2.844801393,2.844801393,0.14609,0.253495,0,0,-623099179.6,-495850913,0,-475270283.3,10,29.06964397
1003,0,-506027760.6,-493767822.1,117071419,129331357.5,0.2219079879,0.2451466084,12259938.47,0.02323862048,1.639626466,25.36037353,1,119.622385,0,0,-623099179.6,-495850913,0,-475270283.3,11,29.08624959
1004,0,-496812501.1,-485795838.7,126286678.5,137303340.9,0.2393754424,0.2602574425,11016662.39,0.0208820001,3.703623435,3.703623435,0.17539,0.32522,0,0,-623099179.6,-495850913,0,-475270283.3,12,29.10273433
1005,0,-495850913,-492325322.6,127248266.6,130773857,0.2411981253,0.2478808552,3525590.375,0.006682729846,1.953139862,1.953139862,0.096545,0.15952,0,0,-623099179.6,-495850913,0,-475270283.3,13,29.12311673
1006,0,-495850913,-502369058.4,127248266.6,120730121.2,0.2411981253,0.2288430301,-6518145.398,-0.01235509522,1.75059137,22.24940863,1.00088,126.75294,0,0,-623099179.6,-495850913,0,-475270283.3,14,29.13695765
1007,0,-502758827,-507798289,120340352.6,115300890.6,0.2281042267,0.2185519647,-5039462.016,-0.009552262073,1.665534519,1.665534519,0.080725,0.107405,0,0,-623099179.6,-495850913,0,-475270283.3,15,29.15683222
1008,0,-505439288.4,-490236068.3,117659891.2,132863111.3,0.2230234325,0.2518410209,15203220.05,0.02881758843,0.9528253315,28.04717467,1.06924,161.84079,0,0,-623099179.6,-495850913,0,-475270283.3,16,29.17606306
1009,0,-497495900.2,-494738057.7,125603279.4,128361121.9,0.2380800645,0.243307534,2757842.49,0.005227469547,1.657908846,1.657908846,0.096545,0.15605,0,0,-623099179.6,-495850913,0,-475270283.3,17,29.19232392
1010,0,-495850913,-499829104.9,127248266.6,123270074.7,0.2411981253,0.2336574928,-3978191.851,-0.007540632516,1.433762707,24.56623729,1,130.45446,0,0,-623099179.6,-495850913,0,-475270283.3,18,29.21065331
1011,0,-500564002.9,-496815454.8,122535176.7,126283724.8,0.2322644992,0.2393698437,3748548.064,0.007105344457,0.8753018018,0.8753018018,0.02668,0.0479,0,0,-623099179.6,-495850913,0,-475270283.3,19,29.23082185
1012,0,-496496190.6,-508100578.8,126602989,114998600.8,0.2399750065,0.2179789766,-11604388.18,-0.02199602989,0.3118000246,13.68819998,1,77.241305,0,0,-623099179.6,-495850913,0,-475270283.3,20,29.24802804
1013,0,-497674485.4,-491532802.5,125424694.2,131566377.1,0.2377415576,0.2493830711,6141682.917,0.01164151344,1.90377349,1.90377349,0.14609,0.199375,0,0,-623099179.6,-495850913,0,-475270283.3,21,29.26400924
1014,0,-495850913,-495059150.9,127248266.6,128040028.7,0.2411981253,0.2426989043,791762.0756,0.001500779016,0.9266953473,0.9266953473,0.053285,0.059505,0,0,-623099179.6,-495850913,0,-475270283.3,22,29.28236246
1015,0,-495850913,-513973324.6,127248266.6,109125855,0.2411981253,0.2068472314,-18122411.59,-0.03435089388,0.4967929122,19.50320709,1,124.150665,0,0,-623099179.6,-495850913,0,-475270283.3,23,29.29783368
1016,0,-500702690.3,-596891661.6,122396489.3,26207518.01,0.2320016183,0.04967615185,-96188971.31,-0.1823254664,0.8753018018,337.8949229,1.556745,2225.991015,0,0,-623099179.6,-495850913,0,-475270283.3,24,29.31584573
1017,0,-495850913,-496584803.1,127248266.6,126514376.5,0.2411981253,0.2398070422,-733890.097,-0.001391083119,3.833564153,3.833564153,0.09957,0.196825,0,0,-623099179.6,-495850913,0,-475270283.3,25,29.39140534
1018,0,-496415787.6,-488828231,126683392,134270948.6,0.2401274098,0.2545095658,7587556.567,0.01438215599,1.707229962,28.29277004,1,157.393105,0,0,-623099179.6,-495850913,0,-475270283.3,26,29.53389645
1019,0,-495850913,-496870464.2,127248266.6,126228715.4,0.2411981253,0.2392655737,-1019551.214,-0.001932551603,3.720484668,3.720484668,0.1364,0.309825,0,0,-623099179.6,-495850913,0,-475270283.3,27,29.56967306
1020,0,-496289361.6,-500014256,126809818,123084923.6,0.2403670493,0.2333065402,-3724894.369,-0.007060509058,1.116184998,1.116184998,0.03714,0.098965,0,0,-623099179.6,-495850913,0,-475270283.3,28,29.62462068
1021,0,-498174139.1,-475440074.9,124925040.5,147659104.7,0.2367944679,0.2798867142,22734064.16,0.04309224638,1.113744008,26.88625599,1.49114,136.57794,0,0,-623099179.6,-495850913,0,-475270283.3,29,29.63861108
1022,0,-495850913,-497595882.8,127248266.6,125503296.8,0.2411981253,0.2378905483,-1744969.782,-0.003307577002,2.753501527,2.753501527,0.10744,0.231,0,0,-623099179.6,-495850913,0,-475270283.3,30,29.65778089
1023,0,-495850913,-468333647.7,127248266.6,154765531.9,0.2411981253,0.2933568932,27517265.29,0.0521587679,1.988435856,26.01156414,1,120.78453,0,0,-623099179.6,-495850913,0,-475270283.3,31,29.67824984
1024,0,-495850913,-497913329.7,127248266.6,125185849.9,0.2411981253,0.23728883,-2062416.719,-0.003909295266,2.75088973,2.75088973,0.11368,0.241105,0,0,-623099179.6,-495850913,0,-475270283.3,32,29.70092154
1025,0,-495850913,-485041648.6,127248266.6,138057531,0.2411981253,0.261687004,10809264.37,0.02048887872,1.701420157,10.29857984,1,35.89659,0,0,-623099179.6,-495850913,0,-475270283.3,33,29.7294867
1026,0,-495850913,-495992985.2,127248266.6,127106194.4,0.2411981253,0.2409288286,-142072.1713,-0.0002692967243,1.735992019,1.735992019,0.10744,0.14216,0,0,-623099179.6,-495850913,0,-475270283.3,34,29.74984288
1027,0,-495850913,-492282656.7,127248266.6,130816522.9,0.2411981253,0.2479617282,3568256.353,0.006763602886,1.163330411,12.83666959,1,45.97484,0,0,-623099179.6,-495850913,0,-475270283.3,35,29.76823425
1028,0,-497991415,-497859452.6,125107764.6,125239727,0.2371408199,0.2373909538,131962.4567,0.000250133837,1.629738101,1.629738101,0.10744,0.184585,0,0,-623099179.6,-495850913,0,-475270283.3,36,29.78513145
1029,0,-498089320.3,-484757387.8,125009859.3,138341791.8,0.2369552413,0.2622258183,13331932.51,0.02527057707,1.465234915,24.53476509,1.09815,126.84029,0,0,-623099179.6,-495850913,0,-475270283.3,37,29.80123234
1030,0,-495850913,-496582853.6,127248266.6,126516326,0.2411981253,0.2398107375,-731940.5597,-0.001387387786,1.456216323,1.456216323,0.10744,0.139665,0,0,-623099179.6,-495850913,0,-475270283.3,38,29.81822419
1031,0,-497406920.2,-493502812.7,125692259.4,129596366.9,0.2382487254,0.2456489317,3904107.561,0.007400206306,1.267265474,22.73273453,1,120.79555,0,0,-623099179.6,-495850913,0,-475270283.3,39,29.83515525
1032,0,-495850913,-495811341.5,127248266.6,127287838.1,0.2411981253,0.2412731327,39571.46368,7.500740962e-05,1.536906591,1.536906591,0.065915,0.091715,0,0,-623099179.6,-495850913,0,-475270283.3,40,29.85442209
1033,0,-495850913,-492322611.1,127248266.6,130776568.5,0.2411981253,0.2478859948,3528301.903,0.006687869527,1.074378777,20.92562122,1,112.312065,0,0,-623099179.6,-495850913,0,-475270283.3,41,29.87621307
1034,0,-496991488.6,-498285746.8,126107691,124813432.7,0.2390361728,0.2365829162,-1294258.21,-0.002453256632,1.200976548,1.200976548,0.05996,0.07489,0,0,-623099179.6,-495850913,0,-475270283.3,42,29.90617037
1035,0,-497575041.3,-496245074.3,125524138.3,126854105.3,0.2379300531,0.2404509956,1329967.022,0.002520942414,0.7997491328,24.20025087,1,126.24836,0,0,-623099179.6,-495850913,0,-475270283.3,43,29.92196798
1036,0,-500730448.9,-502216447.2,122368730.7,120882732.4,0.231949002,0.2291323035,-1485998.304,-0.002816698528,1.464980428,1.464980428,0.078035,0.095105,0,0,-623099179.6,-495850913,0,-475270283.3,44,29.93838239
1037,0,-503070476.8,-513626951.7,120028702.8,109472227.9,0.2275134968,0.2075037786,-10556474.91,-0.02000971821,1.134048165,12.86595184,1,61.203355,0,0,-623099179.6,-495850913,0,-475270283.3,45,29.9539969
1038,0,-506942295.4,-504169844.4,116156884.2,118929335.2,0.2201744939,0.2254296539,2772451.061,0.005255159983,2.1754277,2.1754277,0.15933,0.272775,0,0,-623099179.6,-495850913,0,-475270283.3,46,29.97013593
1039,0,-507047567.4,-508717700,116051612.2,114381479.6,0.2199749517,0.216809228,-1670132.59,-0.003165723672,1.460807069,1.460807069,0.083245,0.113445,0,0,-623099179.6,-495850913,0,-475270283.3,47,29.98621464
1040,0,-508119242.5,-511009462.6,114979937.1,112089717,0.2179435997,0.2124652094,-2890220.061,-0.00547839023,1.225163029,18.77483697,1,116.305275,0,0,-623099179.6,-495850913,0,-475270283.3,48,29.99977827
1041,0,-504944523.4,-502057798.4,118154656.2,121041381.2,0.2239612557,0.2294330211,2886725.06,0.005471765482,1.992111171,1.992111171,0.15933,0.237365,0,0,-623099179.6,-495850913,0,-475270283.3,49,30.01543069
1042,0,-505205641.9,-506605654,117893537.7,116493525.6,0.2234663076,0.2208125952,-1400012.126,-0.002653712378,1.212733904,1.212733904,0.078035,0.10092,0,0,-623099179.6,-479033263.7,0,-475270283.3,0,30.03095579
1043,0,-506905279.6,-511705748.7,116193900,111393430.8,0.2202446572,0.2111454043,-4800469.179,-0.009099252962,1.176836744,19.82316326,1,119.993075,0,0,-623099179.6,-495850913,0,-475270283.3,1,30.04642105
1044,0,-506942295.4,-647466750.9,116156884.2,-24367571.34,0.2201744939,-0.04618854686,-140524455.5,-0.2663630408,2.1754277,298.3542749,1,2148.20129,0,0,-623099179.6,-495850913,0,-475270283.3,2,30.06265116
1045,0,-497263664.8,-502535680,125835514.8,120563499.6,0.238520265,0.2285272002,-5272015.177,-0.009993064828,4.911577694,4.911577694,0.08952,0.22475,0,0,-623099179.6,-495850913,0,-475270283.3,3,30.11298609
1046,0,-496078409.7,-494114454.8,127020769.9,128984724.8,0.240766907,0.2444895688,1963954.972,0.003722661771,1.405516079,1.405516079,0.057175,0.09112,0,0,-623099179.6,-495850913,0,-475270283.3,4,30.26071763
1047,0,-495850913,-505187928.5,127248266.6,117911251.1,0.2411981253,0.2234998831,-9337015.536,-0.01769824221,0.9638455236,23.03615448,1,128.22197,0,0,-623099179.6,-495850913,0,-475270283.3,5,30.2774086
1048,0,-496868050.3,-495850082,126231129.3,127249097.6,0.2392701493,0.2411997005,1017968.32,0.001929551239,0.841953413,0.841953413,0.033945,0.05855,0,0,-623099179.6,-495850913,0,-475270283.3,6,30.29724526
1049,0,-495850913,-501357372.6,127248266.6,121741807,0.2411981253,0.2307606728,-5506459.611,-0.01043745248,0.6874132072,23.31258679,1,128.814405,0,0,-623099179.6,-495850913,0,-475270283.3,7,30.3158679
1050,0,-495850913,-500669212.6,127248266.6,122429967,0.2411981253,0.232065075,-4818299.575,-0.009133050341,2.693380649,2.693380649,0.09489,0.28179,0,0,-623099179.6,-495850913,0,-475270283.3,8,30.33610845
1051,0,-496750369.2,-488698358.1,126348810.4,134400821.5,0.2394932129,0.2547557389,8052011.051,0.01526252595,2.084826643,16.91517336,1,95.1472,0,0,-623099179.6,-495850913,0,-475270283.3,9,30.35598898
1052,0,-495850913,-498825832.8,127248266.6,124273346.8,0.2411981253,0.2355591874,-2974919.764,-0.005638937875,1.847115401,1.847115401,0.1364,0.28394,0,0,-623099179.6,-495850913,0,-475270283.3,10,30.37361622
1053,0,-496105805.9,-487109462,126993373.7,135989717.6,0.2407149778,0.2577674795,8996343.867,0.01705250164,1.471565682,25.52843432,1.31614,134.52264,0,0,-623099179.6,-495850913,0,-475270283.3,11,30.39919472
1054,0,-495850913,-495283207.9,127248266.6,127815971.7,0.2411981253,0.2422742061,567705.1417,0.001076080795,1.765409538,1.765409538,0.057175,0.14828,0,0,-623099179.6,-495850913,0,-475270283.3,12,30.41700864
1055,0,-497195264.9,-498356998,125903914.7,124742181.6,0.2386499164,0.2364478603,-1161733.036,-0.002202056168,1.053091018,28.94690898,1,159.25911,0,0,-623099179.6,-495850913,0,-475270283.3,13,30.43725276
1056,0,-500864080.2,-502156559.1,122235099.4,120942620.5,0.2316957048,0.2292458208,-1292478.9,-0.002449883963,0.9858953279,0.9858953279,0.033945,0.05855,0,0,-623099179.6,-495850913,0,-475270283.3,14,30.45308328
1057,0,-501842200.4,-516049390.3,121256979.2,107049789.3,0.2298416854,0.2029120647,-14207189.84,-0.02692962072,0.6650879815,15.33491202,1,77.006105,0,0,-623099179.6,-495850913,0,-475270283.3,15,30.46690774
1058,0,-503306637.3,-500949739.1,119792542.3,122149440.5,0.2270658564,0.2315333392,2356898.254,0.004467482786,1.35606781,1.35606781,0.057175,0.09112,0,0,-623099179.6,-495850913,0,-475270283.3,16,30.48282003
1059,0,-501104796.1,-497818702,121994383.5,125280477.6,0.2312394298,0.2374681962,3286094.084,0.006228766442,0.7576141501,26.24238585,1,158.09703,0,0,-623099179.6,-495850913,0,-475270283.3,17,30.49968958
1060,0,-500986622.3,-599517903.8,122112557.3,23581275.82,0.2314634273,0.04469812967,-98531281.48,-0.1867652976,1.020576579,312.8146874,1.270905,2052.43728,0,0,-623099179.6,-495850913,0,-475270283.3,18,30.51553369
1061,0,-495850913,-500321761.1,127248266.6,122777418.5,0.2411981253,0.2327236666,-4470848.117,-0.008474458736,7.537599249,7.537599249,0.08706,0.148725,0,0,-623099179.6,-495850913,0,-475270283.3,19,30.5510211
1062,0,-500031367.5,-500123322.6,123067812.1,122975857,0.2332741056,0.2330998053,-91955.1316,-0.0001743002553,1.698650042,1.698650042,0.054145,0.113775,0,0,-623099179.6,-495850913,0,-475270283.3,20,30.67531276
1063,0,-500031367.5,-496409588.3,123067812.1,126689591.2,0.2332741056,0.2401391604,3621779.104,0.006865054853,1.698650042,22.30134996,1,114.7986,0,0,-623099179.6,-495850913,0,-475270283.3,21,30.69098878
1064,0,-495850913,-499371087.6,127248266.6,123728092,0.2411981253,0.2345256611,-3520174.569,-0.006672464228,2.313249247,2.313249247,0.07871,0.08181,0,0,-623099179.6,-495850913,0,-475270283.3,22,30.70872498
1065,0,-495850913,-475707588.3,127248266.6,147391591.3,0.2411981253,0.2793796447,20143324.71,0.03818151938,1.244990215,12.75500978,1,25.92814,0,0,-623099179.6,-495850913,0,-475270283.3,23,30.7272203
1066,0,-495850913,-497540095.7,127248266.6,125559083.9,0.2411981253,0.2379962924,-1689182.655,-0.003201832926,1.971857292,1.971857292,0.067865,0.123765,0,0,-623099179.6,-495850913,0,-475270283.3,24,30.75157523
1067,0,-497322983.3,-496902467.3,125776196.2,126196712.3,0.2384078271,0.2392049121,420516.0192,0.0007970849287,0.7342621858,0.7342621858,0.0559,0.059,0,0,-623099179.6,-495850913,0,-475270283.3,25,30.77225184
1068,0,-497041340.3,-495812611.5,126057839.3,127286568.1,0.2389416793,0.2412707256,1228728.887,0.002329046297,0.29255815,27.70744185,1,167.90477,0,0,-623099179.6,-495850913,0,-475270283.3,26,30.78777647
1069,0,-495850913,-493106261.5,127248266.6,129992918.1,0.2411981253,0.2464005914,2744651.485,0.005202466097,1.467762241,1.467762241,0.08102,0.08412,0,0,-623099179.6,-495850913,0,-475270283.3,27,30.80434942
1070,0,-495850913,-498226497.5,127248266.6,124872682.1,0.2411981253,0.2366952228,-2375584.53,-0.004502902479,0.4423540975,12.5576459,1,67.06945,0,0,-623099179.6,-495850913,0,-475270283.3,28,30.82728815
1071,0,-497679714.2,-495567433.5,125419465.4,127531746.1,0.2377316465,0.2417354586,2112280.721,0.004003812104,0.9122447291,0.9122447291,0.09288,0.09598,0,0,-623099179.6,-495850913,0,-475270283.3,29,30.84375334
1072,0,-497398071.2,-499871502.6,125701108.4,123227677,0.2382654987,0.2335771283,-2473431.37,-0.004688370424,0.4705406932,21.52945931,1,122.862005,0,0,-623099179.6,-495850913,0,-475270283.3,30,30.85927939
1073,0,-496196918.1,-567656837.1,126902261.5,55442342.53,0.2405422753,0.1050905403,-71459918.95,-0.135451735,0.8955080228,341.895508,1.58312,2198.43779,0,0,-623099179.6,-495850913,0,-475270283.3,31,30.87501884
1074,0,-495850913,-503666369.5,127248266.6,119432810.1,0.2411981253,0.2263839868,-7815456.479,-0.01481413855,10.50959834,10.50959834,0.22421,0.569365,0,0,-623099179.6,-495850913,0,-475270283.3,32,30.96097612
1075,0,-499504702.5,-501992506.8,123594477,121106672.8,0.2342723949,0.2295567807,-2487804.288,-0.004715614181,2.289208292,2.289208292,0.05451,0.155725,0,0,-623099179.6,-495850913,0,-475270283.3,33,31.20769167
1076,0,-501548813.2,-502222827.1,121550366.3,120876352.5,0.2303977986,0.2291202104,-674013.8382,-0.001277588124,1.456150335,1.456150335,0.05066,0.136215,0,0,-623099179.6,-495850913,0,-475270283.3,34,31.22508621
1077,0,-502023704.6,-488722458.8,121075475,134376720.8,0.2294976455,0.2547100563,13301245.89,0.02521241081,1.319490199,10.6805098,1,22.669885,0,0,-623099179.6,-495850913,0,-475270283.3,35,31.24192309
1078,0,-497382825.8,-496147998.7,125716353.8,126951180.9,0.2382943962,0.2406350016,1234827.092,0.002340605398,3.592025825,3.592025825,0.20501,0.408455,0,0,-623099179.6,-495850913,0,-475270283.3,36,31.26097202
1079,0,-496838007.1,-496529459.9,126261172.5,126569719.7,0.239327096,0.2399119448,308547.1705,0.0005848488241,3.231935027,3.231935027,0.20501,0.369475,0,0,-623099179.6,-495850913,0,-475270283.3,37,31.27738452
1080,0,-495850913,-496380370.1,127248266.6,126718809.5,0.2411981253,0.2401945434,-529457.073,-0.001003581871,2.410857651,2.410857651,0.20501,0.30439,0,0,-623099179.6,-495850913,0,-475270283.3,38,31.2945857
1081,0,-496877656.8,-492821806,126221522.8,130277373.6,0.2392519403,0.2469397747,4055850.793,0.007687834452,2.373334065,9.626665935,1,20.365855,0,0,-623099179.6,-495850913,0,-475270283.3,39,31.31374884
1082,0,-495850913,-492690522.6,127248266.6,130408657,0.2411981253,0.2471886213,3160390.363,0.005990495991,2.576370338,2.576370338,0.09633,0.230355,0,0,-623099179.6,-495850913,0,-475270283.3,40,31.3323009
1083,0,-495850913,-506190421.5,127248266.6,116908758.1,0.2411981253,0.2215996654,-10339508.46,-0.01959845996,2.258060145,20.74193986,1,111.01928,0,0,-623099179.6,-495850913,0,-475270283.3,41,31.3490293
1084,0,-497680417.9,-500481420.3,125418761.7,122617759.3,0.2377303127,0.2324210339,-2801002.39,-0.005309278811,1.637693287,1.637693287,0.05066,0.16486,0,0,-623099179.6,-495850913,0,-475270283.3,42,31.36858225
1085,0,-498730239.8,-490153666.8,124368939.8,132945512.8,0.2357403833,0.2519972123,8576572.955,0.01625682906,1.409558046,12.59044195,1,43.37604,0,0,-623099179.6,-495850913,0,-475270283.3,43,31.3875978
1086,0,-495850913,-497914574.6,127248266.6,125184605,0.2411981253,0.2372864704,-2063661.57,-0.003911654873,3.105170023,3.105170023,0.0833,0.219685,0,0,-623099179.6,-495850913,0,-475270283.3,44,31.40588284
1087,0,-500450657.6,-490599362.9,122648522,132499816.7,0.2324793444,0.2511523987,9851294.641,0.01867305436,2.108702438,13.89129756,1,46.390715,0,0,-623099179.6,-495850913,0,-475270283.3,45,31.43204761
1088,0,-495850913,-496441187.7,127248266.6,126657991.9,0.2411981253,0.2400792642,-590274.6451,-0.001118861118,1.406518877,1.406518877,0.04627,0.116295,0,0,-623099179.6,-495850913,0,-475270283.3,46,31.45088649
1089,0,-495850913,-490952175.5,127248266.6,132147004.1,0.2411981253,0.2504836452,4898737.516,0.00928551985,1.375239149,20.62476085,1,74.638775,0,0,-623099179.6,-495850913,0,-475270283.3,47,31.47177911
1090,0,-495850913,-498284309.3,127248266.6,124814870.3,0.2411981253,0.2365856411,-2433396.298,-0.004612484248,3.149459749,3.149459749,0.049335,0.10006,0,0,-623099179.6,-495850913,0,-475270283.3,48,31.49795151
1091,0,-496025549.6,-498203675.7,127073630,124895503.9,0.240867103,0.2367384815,-2178126.08,-0.004128621484,1.457820373,18.54217963,1,120.348835,0,0,-623099179.6,-495850913,0,-475270283.3,49,31.52098632
1092,0,-492189828.1,-489200962.7,130909351.5,133898216.9,0.248137684,0.2538030557,2988865.397,0.005665371718,1.346786256,1.346786256,0.14246,0.21571,0,0,-623099179.6,-480044231.2,0,-475270283.3,0,31.53771424
1093,0,-495850913,-493748818.4,127248266.6,129350361.2,0.2411981253,0.2451826298,2102094.639,0.003984504464,1.431423059,1.431423059,0.05093,0.159315,0,0,-623099179.6,-495850913,0,-475270283.3,1,31.55499196
1094,0,-495850913,-509711869.8,127248266.6,113387309.8,0.2411981253,0.2149247868,-13860956.77,-0.02627333854,0.9637843548,17.03621565,1,104.253085,0,0,-623099179.6,-495850913,0,-475270283.3,2,31.57197404
1095,0,-499971592.3,-505158337.2,123127587.3,117940842.4,0.2333874088,0.2235559732,-5186744.881,-0.009831435628,2.663393966,2.663393966,0.06279,0.23131,0,0,-623099179.6,-495850913,0,-475270283.3,3,31.58861923
1096,0,-497598380,-484568203.5,125500799.6,138530976.1,0.2378858149,0.2625844158,13030176.53,0.02469860091,2.024959371,8.975040629,1,26.91318,0,0,-623099179.6,-495850913,0,-475270283.3,4,31.60540056
1097,0,-495850913,-497296612.4,127248266.6,125802567.2,0.2411981253,0.2384578131,-1445699.392,-0.002740312246,0.9652943778,0.9652943778,0.04627,0.095505,0,0,-623099179.6,-495850913,0,-475270283.3,5,31.62406111
1098,0,-496539164.2,-485978456,126560015.4,137120723.6,0.2398935504,0.2599112927,10560708.14,0.02001774228,0.8413128822,14.15868712,1,60.06385,0,0,-623099179.6,-495850913,0,-475270283.3,6,31.64558053
1099,0,-495850913,-495846104,127248266.6,127253075.6,0.2411981253,0.2412072408,4809.054198,9.115525801e-06,1.084238647,1.084238647,0.053835,0.109815,0,0,-623099179.6,-495850913,0,-475270283.3,7,31.66209102
1100,0,-495850913,-489683447.6,127248266.6,133415732,0.2411981253,0.2528885093,6167465.443,0.01169038402,0.8997384149,15.10026159,1,63.30882,0,0,-623099179.6,-495850913,0,-475270283.3,8,31.67788553
1101,0,-495850913,-494092241.6,127248266.6,129006938,0.2411981253,0.2445316736,1758671.388,0.003333548292,1.20178898,1.20178898,0.05454,0.15512,0,0,-623099179.6,-495850913,0,-475270283.3,9,31.70323205
1102,0,-495850913,-506836220,127248266.6,116262959.6,0.2411981253,0.2203755591,-10985307,-0.0208225662,1.20178898,19.79821102,1,90.70547,0,0,-623099179.6,-495850913,0,-475270283.3,10,31.71692896
1103,0,-495850913,-495023451.7,127248266.6,128075727.9,0.2411981253,0.242766572,827461.3512,0.001568446723,1.375431157,1.375431157,0.053835,0.114905,0,0,-623099179.6,-495850913,0,-475270283.3,11,31.73591352
1104,0,-495850913,-499446891.5,127248266.6,123652288.1,0.2411981253,0.2343819754,-3595978.445,-0.0068161499,0.9492083688,13.05079163,1,53.14126,0,0,-623099179.6,-495850913,0,-475270283.3,12,31.75482225
1105,0,-496594418.2,-498273595.1,126504761.4,124825584.4,0.2397888168,0.2366059497,-1679176.948,-0.003182867184,1.668927112,1.668927112,0.06293,0.16351,0,0,-623099179.6,-495850913,0,-475270283.3,13,31.77660704
1106,0,-497245323,-498072179.3,125853856.6,125027000.3,0.2385550318,0.2369877319,-826856.324,-0.001567299898,1.314240313,1.314240313,0.04627,0.10058,0,0,-623099179.6,-495850913,0,-475270283.3,14,31.7950871
1107,0,-497159119.6,-495969971.8,125940060,127129207.8,0.2387184296,0.2409724502,1189147.769,0.002254020588,0.88625322,19.11374678,1,116.671995,0,0,-623099179.6,-495850913,0,-475270283.3,15,31.81089878
1108,0,-495850913,-611135151.9,127248266.6,11964027.72,0.2411981253,0.0226777239,-115284238.9,-0.2185204014,1.733199016,312.5944471,1.09078,1995.099085,0,0,-623099179.6,-495850913,0,-475270283.3,16,31.82856035
1109,0,-495850913,-498811558.2,127248266.6,124287621.4,0.2411981253,0.2355862448,-2960645.196,-0.00561188054,7.936977889,7.936977889,0.107185,0.2727,0,0,-623099179.6,-495850913,0,-475270283.3,17,31.94676638
1110,0,-495850913,-495799336.7,127248266.6,127299842.9,0.2411981253,0.2412958878,51576.3163,9.776251681e-05,3.858617959,3.858617959,0.23646,0.59236,0,0,-623099179.6,-495850913,0,-475270283.3,18,32.18208671
1111,0,-495850913,-496271388.5,127248266.6,126827791.1,0.2411981253,0.2404011172,-420475.486,-0.0007970080983,3.356714953,3.356714953,0.23646,0.55679,0,0,-623099179.6,-495850913,0,-475270283.3,19,32.22335291
1112,0,-495850913,-497494345.3,127248266.6,125604834.3,0.2411981253,0.2380830118,-1643432.325,-0.003115113522,3.306002254,9.693997746,0.241575,0.817975,0,0,-623099179.6,-495850913,0,-475270283.3,20,32.26566863
1113,0,-495850913,-493463429.7,127248266.6,129635749.9,0.2411981253,0.2457235818,2387483.307,0.004525456522,2.19715968,2.19715968,0.073745,0.20598,0,0,-623099179.6,-495850913,0,-475270283.3,21,32.34234238
1114,0,-495850913,-505167504.8,127248266.6,117931674.8,0.2411981253,0.2235385961,-9316591.82,-0.01765952921,1.642415068,14.35758493,1,19.40497,0,0,-623099179.6,-495850913,0,-475270283.3,22,32.36211181
1115,0,-495850913,-486851831.7,127248266.6,136247347.9,0.2411981253,0.2582558157,8999081.274,0.01705769038,7.287808387,7.287808387,0.40872,0.63332,0,0,-623099179.6,-495850913,0,-475270283.3,23,32.39011669
1116,0,-495850913,-493189929,127248266.6,129909250.6,0.2411981253,0.2462420004,2660984.02,0.00504387505,3.683225613,3.683225613,0.184175,0.384355,0,0,-623099179.6,-495850913,0,-475270283.3,24,32.45360398
1117,0,-495850913,-504033593.1,127248266.6,119065586.5,0.2411981253,0.2256879172,-8182680.099,-0.01551020814,3.346537893,10.65346211,1,18.041055,0,0,-623099179.6,-495850913,0,-475270283.3,25,32.49818659
1118,0,-495850913,-498486293.7,127248266.6,124612885.9,0.2411981253,0.2362027811,-2635380.709,-0.004995344168,1.08363615,1.08363615,0.02704,0.02704,0,0,-623099179.6,-495850913,0,-475270283.3,26,32.53619075
1119,0,-498766976.5,-504712825.9,124332203.1,118386353.7,0.2356707491,0.2244004365,-5945849.446,-0.01127031258,0.2946817786,11.70531822,1,68.2083,0,0,-623099179.6,-495850913,0,-475270283.3,27,32.55459952
1120,0,-499668194.9,-503679103.5,123430984.7,119420076.1,0.2339624964,0.2263598495,-4010908.633,-0.007602646928,1.372581777,1.372581777,0.19012,0.25401,0,0,-623099179.6,-495850913,0,-475270283.3,28,32.57116795
1121,0,-499769588.9,-500817983.3,123329590.7,122281196.3,0.2337703048,0.2317830813,-1048394.329,-0.001987223508,1.331452057,15.66854794,1,112.5433,0,0,-623099179.6,-495850913,0,-475270283.3,29,32.58684206
1122,0,-497481870.9,-499610791.5,125617308.7,123488388.1,0.2381066569,0.234071304,-2128920.594,-0.004035352857,1.214020897,1.214020897,0.046635,0.046635,0,0,-623099179.6,-495850913,0,-475270283.3,30,32.6025672
1123,0,-499633076.8,-505303035,123466102.7,117796144.6,0.2340290624,0.2232816997,-5669958.119,-0.01074736266,0.4187957433,15.58120426,1,104.18017,0,0,-623099179.6,-495850913,0,-475270283.3,31,32.61838913
1124,0,-497353984.8,-495062935.9,125745194.8,128036243.7,0.2383490642,0.24269173,2291048.879,0.004342665793,1.293670213,1.293670213,0.11249,0.189715,0,0,-623099179.6,-495850913,0,-475270283.3,32,32.63408279
1125,0,-497539470.6,-633328697.9,125559709,-10229518.32,0.2379974772,-0.01938997448,-135789227.3,-0.2573874517,0.8791459472,332.9584455,1.991695,2238.593695,0,0,-623099179.6,-495850913,0,-475270283.3,33,32.64981747
1126,0,-495850913,-494290769.3,127248266.6,128808410.3,0.2411981253,0.2441553658,1560143.675,0.002957240517,3.331793175,3.331793175,0.01878,0.03331,0,0,-623099179.6,-495850913,0,-475270283.3,34,32.72050953
1127,0,-495850913,-511777834.3,127248266.6,111321345.3,0.2411981253,0.2110087667,-15926921.29,-0.03018935864,0.4814576852,27.51854231,1,134.086575,0,0,-623099179.6,-495850913,0,-475270283.3,35,32.87466478
1128,0,-501359304.8,-501331676.9,121739874.8,121767502.7,0.2307570104,0.2308093789,27627.89868,5.236847264e-05,1.850155244,1.850155244,0.12828,0.311745,0,0,-623099179.6,-495850913,0,-475270283.3,36,32.90277863
1129,0,-501335025.7,-511639542.4,121764153.9,111459637.2,0.2308030313,0.211270898,-10304516.71,-0.01953213337,1.812077988,21.18792201,1,123.749785,0,0,-623099179.6,-495850913,0,-475270283.3,37,32.91850567
1130,0,-495850913,-499333098.1,127248266.6,123766081.5,0.2411981253,0.2345976699,-3482185.062,-0.006600455405,2.127128448,2.127128448,0.06042,0.14291,0,0,-623099179.6,-495850913,0,-475270283.3,38,32.93839002
1131,0,-498124627.1,-495967008,124974552.5,127132171.5,0.2368883175,0.240978068,2157619.012,0.004089750491,1.278167848,12.72183215,1,48.488505,0,0,-623099179.6,-495850913,0,-475270283.3,39,32.96013832
1132,0,-495850913,-492669411,127248266.6,130429768.6,0.2411981253,0.2472286382,3181501.97,0.006030512881,2.122417089,2.122417089,0.099925,0.186895,0,0,-623099179.6,-495850913,0,-475270283.3,40,32.98191905
1133,0,-495850913,-531436611.5,127248266.6,91662568.13,0.2411981253,0.1737457035,-35585698.46,-0.06745242184,1.828877401,15.1711226,1,9.50333,0,0,-623099179.6,-495850913,0,-475270283.3,41,33.00235534
1134,0,-498044183.7,-498050343.2,125054995.8,125048836.4,0.2370407972,0.237029122,-6159.467042,-1.167522311e-05,2.583542252,2.583542252,0.13285,0.22395,0,0,-623099179.6,-495850913,0,-475270283.3,42,33.05267429
1135,0,-495850913,-492383812,127248266.6,130715367.6,0.2411981253,0.247769989,3467100.98,0.006571863643,0.9469403036,0.9469403036,0.03939,0.04348,0,0,-623099179.6,-495850913,0,-475270283.3,43,33.07578635
1136,0,-495850913,-532169986.1,127248266.6,90929193.51,0.2411981253,0.1723555974,-36319073.07,-0.06884252786,0.9377456959,19.0622543,1,59.66465,0,0,-623099179.6,-495850913,0,-475270283.3,44,33.09640241
1137,0,-495850913,-496634286.8,127248266.6,126464892.8,0.2411981253,0.2397132463,-783373.7603,-0.001484879028,1.974643823,1.974643823,0.084085,0.19729,0,0,-623099179.6,-495850913,0,-475270283.3,45,33.11963248
1138,0,-495850913,-487312434.2,127248266.6,135786745.3,0.2411981253,0.2573827471,8538478.76,0.0161846218,1.937058544,9.062941456,1,29.643675,0,0,-623099179.6,-495850913,0,-475270283.3,46,33.14054251
1139,0,-495850913,-487707696.2,127248266.6,135391483.4,0.2411981253,0.2566335312,8143216.847,0.01543540584,3.435141291,3.435141291,0.31403,0.499695,0,0,-623099179.6,-495850913,0,-475270283.3,47,33.16766191
1140,0,-495850913,-532252904,127248266.6,90846275.59,0.2411981253,0.1721984271,-36401991,-0.06899969816,2.315587133,11.68441287,1,6.42356,0,0,-623099179.6,-495850913,0,-475270283.3,48,33.18693757
1141,0,-502384203.7,-498989266.6,120714975.9,124109913,0.2288143224,0.2352493998,3394937.066,0.00643507749,2.708756826,2.708756826,0.13285,0.26709,0,0,-623099179.6,-495850913,0,-475270283.3,49,33.21635342
1142,0,-495067099.9,-493322735.4,128032079.7,129776444.2,0.2426838371,0.2459902668,1744364.515,0.003306429722,1.11918594,1.11918594,0.04723,0.08662,0,0,-623099179.6,-482029869.2,0,-475270283.3,0,33.23668957
1143,0,-495850913,-527953229.9,127248266.6,95145949.71,0.2411981253,0.1803484269,-32102316.87,-0.06084969843,1.223773168,26.77622683,1,137.55993,0,0,-623099179.6,-495850913,0,-475270283.3,1,33.25431705
1144,0,-495850913,-497920806.1,127248266.6,125178373.4,0.2411981253,0.2372746585,-2069893.141,-0.003923466768,1.888458001,1.888458001,0.086065,0.195915,0,0,-623099179.6,-495850913,0,-475270283.3,2,33.2864325
1145,0,-495850913,-490898153.6,127248266.6,132201025.9,0.2411981253,0.2505860432,4952759.362,0.009387917849,1.849500638,28.15049936,1,150.06327,0,0,-623099179.6,-495850913,0,-475270283.3,3,33.30608463
1146,0,-495850913,-495091059.1,127248266.6,128008120.5,0.2411981253,0.2426384226,759853.8723,0.001440297259,3.874137118,3.874137118,0.52248,0.855785,0,0,-623099179.6,-495850913,0,-475270283.3,4,33.3294332
1147,0,-495850913,-495356653.1,127248266.6,127742526.5,0.2411981253,0.2421349912,494259.8728,0.0009368658445,1.100396419,1.100396419,0.058495,0.084915,0,0,-623099179.6,-495850913,0,-475270283.3,5,33.35164976
1148,0,-495850913,-510571454.9,127248266.6,112527724.7,0.2411981253,0.2132954496,-14720541.92,-0.02790267569,0.7912126526,9.208787347,1,3.7565,0,0,-623099179.6,-495850913,0,-475270283.3,6,33.37222123
1149,0,-495850913,-486186125.4,127248266.6,136913054.2,0.2411981253,0.2595176571,9664787.65,0.01831953177,4.856733054,4.856733054,0.171715,0.347715,0,0,-623099179.6,-495850913,0,-475270283.3,7,33.40646482
1150,0,-495850913,-510839194,127248266.6,112259985.6,0.2411981253,0.2127879523,-14988280.97,-0.02841017302,3.988344188,8.13744061,0.38443,0.73024,0,0,-623099179.6,-495850913,0,-475270283.3,8,33.44990015
1151,0,-496588556.1,-494546568,126510623.5,128552611.6,0.2397999284,0.2436705014,2041988.096,0.003870572967,1.51572034,1.51572034,0.068735,0.108125,0,0,-623099179.6,-495850913,0,-475270283.3,9,33.49733353
1152,0,-495850913,-499658786.5,127248266.6,123440393,0.2411981253,0.2339803299,-3807873.541,-0.007217795449,1.174542048,10.82545795,1,46.62881,0,0,-623099179.6,-495850913,0,-475270283.3,10,33.51564908
1153,0,-496725517.6,-494898959.3,126373661.9,128200220.3,0.2395403188,0.2430025463,1826558.347,0.00346222751,1.390120092,1.390120092,0.03939,0.06779,0,0,-623099179.6,-495850913,0,-475270283.3,11,33.53901482
1154,0,-495850913,-515009179.2,127248266.6,108090000.4,0.2411981253,0.2048837769,-19158266.18,-0.03631434841,0.6535978916,16.34640211,1,66.66928,0,0,-623099179.6,-495850913,0,-475270283.3,12,33.55683279
1155,0,-495850913,-502922633.2,127248266.6,120176546.4,0.2411981253,0.2277937333,-7071720.168,-0.01340439201,3.581719381,3.581719381,0.13285,0.30483,0,0,-623099179.6,-495850913,0,-475270283.3,13,33.58679605
1156,0,-499059621.6,-497053357.6,124039558,126045822,0.2351160425,0.2389189007,2006264.016,0.003802858244,0.78875935,0.78875935,0.03939,0.05408,0,0,-623099179.6,-495850913,0,-475270283.3,14,33.62133002
1157,0,-496442192.7,-481509280,126656986.9,141589899.6,0.2400773592,0.2683825821,14932912.69,0.02830522287,0.4455664072,28.55443359,1,162.62616,0,0,-623099179.6,-495850913,0,-475270283.3,15,33.63731146
1158,0,-497406762.1,-503833502.1,125692417.5,119265677.5,0.2382490251,0.2260671881,-6426739.974,-0.01218183693,2.656609607,2.656609607,0.16,0.25915,0,0,-623099179.6,-495850913,0,-475270283.3,16,33.65652919
1159,0,-499065499.3,-499765190.1,124033680.3,123333989.5,0.2351049013,0.2337786427,-699690.7961,-0.001326258603,1.128637856,1.128637856,0.13307,0.18715,0,0,-623099179.6,-495850913,0,-475270283.3,17,33.67398763
1160,0,-496899960.5,-496238841.7,126199219.1,126860337.9,0.2392096637,0.2404628094,661118.8271,0.001253145728,0.8063599513,0.8063599513,0.03939,0.05408,0,0,-623099179.6,-495850913,0,-475270283.3,18,33.68960595
1161,0,-495850913,-498049999,127248266.6,125049180.6,0.2411981253,0.2370297744,-2199086.02,-0.00416835089,0.4474094257,13.55259057,1,43.396785,0,0,-623099179.6,-495850913,0,-475270283.3,19,33.70512748
1162,0,-495850913,-503560261.5,127248266.6,119538918.1,0.2411981253,0.2265851136,-7709348.502,-0.01461301168,2.840370576,2.840370576,0.13285,0.34581,0,0,-623099179.6,-495850913,0,-475270283.3,20,33.72338176
1163,0,-499567663.8,-497690985.9,123531515.8,125408193.7,0.2341530524,0.237710281,1876677.861,0.003557228669,1.111157273,1.111157273,0.08037,0.09506,0,0,-623099179.6,-495850913,0,-475270283.3,21,33.74249601
1164,0,-496950234.8,-493489862.6,126148944.7,129609317,0.2391143691,0.2456734785,3460372.261,0.006559109406,0.7679643303,11.23203567,1,41.353045,0,0,-623099179.6,-495850913,0,-475270283.3,22,33.75843644
1165,0,-495850913,-594580234.2,127248266.6,28518945.36,0.2411981253,0.05405744488,-98729321.22,-0.1871406804,2.050604783,308.4566179,1.16001,2065.29202,0,0,-623099179.6,-495850913,0,-475270283.3,23,33.77554631
1166,0,-495850913,-498065974.3,127248266.6,125033205.3,0.2411981253,0.2369994934,-2215061.294,-0.004198631903,8.965068668,8.965068668,0.171865,0.360915,0,0,-623099179.6,-495850913,0,-475270283.3,24,33.87387943
1167,0,-500634159.9,-497428346,122465019.7,125670833.6,0.232131517,0.2382081131,3205813.976,0.006076596105,3.086055466,3.086055466,0.11834,0.24233,0,0,-623099179.6,-495850913,0,-475270283.3,25,34.09926701
1168,0,-500466730.7,-507875773.6,122632448.9,115223406,0.2324488778,0.2184050931,-7409042.922,-0.01404378473,2.442150739,16.55784926,1,37.030735,0,0,-623099179.6,-495850913,0,-475270283.3,26,34.11529064
1169,0,-498004391.5,-493487357.5,125094788.1,129611822.1,0.2371162231,0.2456782268,4517034.001,0.008562003728,1.593532551,1.593532551,0.045535,0.08908,0,0,-623099179.6,-495850913,0,-475270283.3,27,34.13416171
1170,0,-495850913,-495579673.7,127248266.6,127519505.9,0.2411981253,0.2417122573,271239.2935,0.0005141320259,0.9756172368,13.02438276,1,43.0912,0,0,-623099179.6,-495850913,0,-475270283.3,28,34.15938902
1171,0,-495850913,-496287770,127248266.6,126811409.6,0.2411981253,0.2403700661,-436857.0149,-0.0008280591622,4.273862389,4.273862389,0.20093,0.38574,0,0,-623099179.6,-495850913,0,-475270283.3,29,34.19835806
1172,0,-497560150.6,-503921569.7,125539029,119177609.9,0.2379582783,0.2259002566,-6361419.101,-0.01205802171,2.338072158,2.338072158,0.044755,0.083725,0,0,-623099179.6,-495850913,0,-475270283.3,30,34.21809411
1173,0,-502276535.1,-497562287.7,120822644.4,125536891.9,0.2290184072,0.2379542275,4714247.448,0.008935820324,1.144959184,26.85504082,1,145.225145,0,0,-623099179.6,-495850913,0,-475270283.3,31,34.23379922
1174,0,-495850913,-500485424.1,127248266.6,122613755.5,0.2411981253,0.2324134447,-4634511.055,-0.008784680595,3.543646354,3.543646354,0.06663,0.1588,0,0,-623099179.6,-495850913,0,-475270283.3,32,34.25127506
1175,0,-496130425.1,-492952425.5,126968754.5,130146754.1,0.2406683122,0.2466921865,3177999.634,0.00602387423,1.293079375,1.293079375,0.06932,0.175605,0,0,-623099179.6,-495850913,0,-475270283.3,33,34.282377
1176,0,-495850913,-508038061.1,127248266.6,115061118.5,0.2411981253,0.2180974784,-12187148.09,-0.02310064688,1.225255257,9.774744743,1,26.39431,0,0,-623099179.6,-495850913,0,-475270283.3,34,34.2994585
1177,0,-507646329.8,-515647954,115452849.8,107451225.6,0.2188400022,0.2036729841,-8001624.209,-0.01516701807,3.234279914,3.234279914,0.28963,0.496965,0,0,-623099179.6,-495850913,0,-475270283.3,35,34.32012367
1178,0,-505930637.2,-507031786.4,117168542.4,116067393.2,0.2220920845,0.2200048646,-1101149.184,-0.002087219937,1.248200481,1.248200481,0.053545,0.100695,0,0,-623099179.6,-495850913,0,-475270283.3,36,34.33695865
1179,0,-503209446.8,-515102399.7,119889732.8,107996779.8,0.2272500802,0.204707078,-11892952.93,-0.02254300218,0.98541949,16.01458051,1,90.026305,0,0,-623099179.6,-495850913,0,-475270283.3,37,34.35448027
1180,0,-501392817.4,-498917617.4,121706362.2,124181562.2,0.2306934875,0.2353852104,2475200.024,0.004691722895,1.213495465,1.213495465,0.0842,0.169125,0,0,-623099179.6,-495850913,0,-475270283.3,38,34.3707087
1181,0,-501392817.4,-521911024.6,121706362.2,101188155,0.2306934875,0.1918013812,-20518207.2,-0.0388921063,1.213495465,19.78650454,1,111.607895,0,0,-623099179.6,-495850913,0,-475270283.3,39,34.3863368
1182,0,-506932502.8,-515078048,116166676.8,108021131.6,0.2201930557,0.2047532366,-8145545.14,-0.0154398191,4.187023835,4.187023835,0.28963,0.54172,0,0,-623099179.6,-495850913,0,-475270283.3,40,34.40344405
1183,0,-505640171.9,-506461880.3,117459007.7,116637299.3,0.2226426593,0.2210851171,-821708.4864,-0.001557542211,1.740554639,1.740554639,0.053545,0.14545,0,0,-623099179.6,-495850913,0,-475270283.3,41,34.42052841
1184,0,-502918981.5,-511598981.2,120180198.1,111500198.4,0.227800655,0.2113477813,-8679999.728,-0.01645287373,1.477773648,13.52222635,1,54.38298,0,0,-623099179.6,-495850913,0,-475270283.3,42,34.43772769
1185,0,-501392817.4,-504235382.2,121706362.2,118863797.4,0.2306934875,0.2253054274,-2842564.855,-0.005388060149,1.213495465,335.7940269,1.54,2222.28344,0,0,-623099179.6,-495850913,0,-475270283.3,43,34.45509505
1186,0,-495850913,-492992867.3,127248266.6,130106312.3,0.2411981253,0.2466155292,2858045.666,0.005417403908,5.964947731,5.964947731,0.194975,0.409715,0,0,-623099179.6,-495850913,0,-475270283.3,44,34.51367259
1187,0,-495850913,-492817521.1,127248266.6,130281658.5,0.2411981253,0.2469478967,3033391.889,0.005749771346,1.709764938,1.709764938,0.033845,0.090115,0,0,-623099179.6,-495850913,0,-475270283.3,45,34.66568589
1188,0,-495850913,-512148491.9,127248266.6,110950687.7,0.2411981253,0.2103061881,-16297578.85,-0.03089193724,1.540926649,10.23554708,0.224625,0.696335,0,0,-623099179.6,-495850913,0,-475270283.3,46,34.68971515
1189,0,-504648084.1,-508559669.1,118451095.5,114539510.5,0.2245231542,0.2171087745,-3911584.998,-0.007414379731,3.041794259,3.041794259,0.075635,0.1835,0,0,-623099179.6,-495850913,0,-475270283.3,47,34.75615907
1190,0,-504683733.6,-506418972.1,118415445.9,116680207.5,0.2244555807,0.2211664493,-1735238.46,-0.003289131356,1.737818677,1.737818677,0.04827,0.109585,0,0,-623099179.6,-495850913,0,-475270283.3,48,34.77286363
1191,0,-504126999.9,-496558736.3,118972179.7,126540443.3,0.2255108653,0.2398564516,7568263.617,0.01434558635,1.686199791,21.31380021,1,95.226925,0,0,-623099179.6,-495850913,0,-475270283.3,49,34.78916287
1192,0,-494923834,-493201192.4,128175345.6,129897987.2,0.2429553965,0.2462206507,1722641.664,0.003265254224,2.927177368,2.927177368,0.101575,0.144985,0,0,-623099179.6,-494923834,0,-475270283.3,0,34.81476688
1193,0,-495850913,-504298781.3,127248266.6,118800398.3,0.2411981253,0.2251852549,-8447868.327,-0.01601287041,1.724062584,26.27593742,1.24023,99.64939,0,0,-623099179.6,-495850913,0,-475270283.3,1,34.84085202
1194,0,-511547659.6,-511990208,111551520,111108971.6,0.2114450611,0.210606214,-442548.4112,-0.0008388471608,2.273343467,2.273343467,0.12103,0.297265,0,0,-623099179.6,-495850913,0,-475270283.3,2,34.87385869
1195,0,-511572469.4,-513707679.4,111526710.2,109391500.2,0.2113980342,0.20735076,-2135209.915,-0.004047274218,1.867730939,18.13226906,1,59.684075,0,0,-623099179.6,-495850913,0,-475270283.3,3,34.89012361
1196,0,-503074581.6,-505563435,120024598,117535744.6,0.2275057162,0.2227881134,-2488853.432,-0.004717602825,1.468840647,1.468840647,0.03179,0.088825,0,0,-623099179.6,-495850913,0,-475270283.3,4,34.90837932
1197,0,-504866853.8,-518712396.2,118232325.8,104386783.4,0.2241084778,0.1978643572,-13845542.37,-0.02624412067,0.5116043344,13.48839567,1,41.41301,0,0,-623099179.6,-495850913,0,-475270283.3,5,34.92476726
1198,0,-510387466.4,-515993439.8,112711713.2,107105739.8,0.2136441986,0.2030181184,-5605973.445,-0.01062608019,2.357667587,2.357667587,0.07379,0.152505,0,0,-623099179.6,-495850913,0,-475270283.3,6,34.94138217
1199,0,-513183139.6,-502543498.3,109916040,120555681.3,0.2083450211,0.2285123806,10639641.3,0.02016735948,1.583874862,12.41612514,1,5.927605,0,0,-623099179.6,-495850913,0,-475270283.3,7,34.96014094
1200,0,-505374231.4,-507239717.8,117724948.1,115859461.8,0.2231467473,0.2196107321,-1865486.376,-0.003536015292,2.949439003,2.949439003,0.20099,0.23125,0,0,-623099179.6,-495850913,0,-475270283.3,8,34.98069525
1201,0,-505727555.7,-495280928.7,117371623.9,127818250.9,0.2224770238,0.2422785262,10446627.01,0.01980150236,1.589403938,27.41059606,1,142.747455,0,0,-623099179.6,-495850913,0,-475270283.3,9,35.0005784
1202,0,-505038535.1,-505107741.4,118060644.5,117991438.2,0.2237830573,0.2236518773,-69206.28208,-0.0001311799834,0.7218093076,0.7218093076,0.017385,0.03832,0,0,-623099179.6,-495850913,0,-475270283.3,10,35.02024341
1203,0,-505219773.4,-505486909.8,117879406.2,117612269.8,0.2234395215,0.2229331664,-267136.4167,-0.000506355054,0.3188850066,29.68111499,1,169.188135,0,0,-623099179.6,-495850913,0,-475270283.3,11,35.0363605
1204,0,-509767537.7,-510335596.3,113331641.9,112763583.3,0.2148192686,0.2137425179,-568058.5654,-0.001076750707,0.8038992355,0.8038992355,0.02643,0.05669,0,0,-623099179.6,-495850913,0,-475270283.3,12,35.05272865
1205,0,-509873624.7,-512406108.6,113225554.9,110693071,0.2146181815,0.2098178776,-2532483.853,-0.004800303958,0.4009749345,16.59902507,1,100.199885,0,0,-623099179.6,-495850913,0,-475270283.3,13,35.0708952
1206,0,-503994927.1,-502261392.2,119104252.5,120837787.4,0.2257612083,0.2290471105,1733534.867,0.003285902207,1.156617931,1.156617931,0.0366,0.09356,0,0,-623099179.6,-495850913,0,-475270283.3,14,35.08707762
1207,0,-502416124.1,-505307653.2,120683055.5,117791526.4,0.2287538174,0.2232729459,-2891529.093,-0.005480871491,0.5973630398,20.40263696,1,113.548755,0,0,-623099179.6,-495850913,0,-475270283.3,15,35.10332704
1208,0,-507123523.1,-508454389.8,115975656.5,114644789.7,0.2198309783,0.2173083304,-1330866.76,-0.00252264786,1.108413877,1.108413877,0.08597,0.11623,0,0,-623099179.6,-495850913,0,-475270283.3,16,35.11960411
1209,0,-507316473.7,-511373580.4,115782705.9,111725599.2,0.2194652418,0.2117750268,-4057106.678,-0.007690214972,0.6718793968,13.3281206,1,65.51901,0,0,-623099179.6,-495850913,0,-475270283.3,17,35.13637543
1210,0,-504124918.3,-503906534.2,118974261.3,119192645.4,0.225514811,0.2259287564,218384.0884,0.0004139453851,1.465362475,1.465362475,0.08597,0.14293,0,0,-623099179.6,-495850913,0,-475270283.3,18,35.15239906
1211,0,-503351145,-501704446.4,119748034.6,121394733.2,0.2269814923,0.2301027972,1646698.69,0.003121304892,0.7999676674,21.20003233,1,119.77363,0,0,-623099179.6,-495850913,0,-475270283.3,19,35.16883254
1212,0,-507117460,-524802685.4,115981719.5,98296494.21,0.2198424707,0.1863202601,-17685225.33,-0.03352221064,1.081097663,303.9189023,1,1952.115825,0,0,-623099179.6,-495850913,0,-475270283.3,20,35.18489313
1213,0,-495850913,-498990511.4,127248266.6,124108668.2,0.2411981253,0.2352470404,-3139598.349,-0.005951084886,7.092663895,7.092663895,0.18075,0.228275,0,0,-623099179.6,-495850913,0,-475270283.3,21,35.25127554
1214,0,-498342935.7,-501814709.1,124756243.9,121284470.5,0.2364745152,0.229893795,-3471773.396,-0.00658072017,1.032957444,1.032957444,0.0719,0.119425,0,0,-623099179.6,-495850913,0,-475270283.3,22,35.39685702
1215,0,-500801314.3,-493414977.9,122297865.3,129684201.7,0.2318146771,0.2458154219,7386336.407,0.0140007447,0.7927934341,26.20720657,1,141.988405,0,0,-623099179.6,-495850913,0,-475270283.3,23,35.41274238
1216,0,-501149923,-499991666.3,121949256.6,123107513.3,0.231153892,0.2333493588,1158256.682,0.002195466767,2.124586994,2.124586994,0.09012,0.157425,0,0,-623099179.6,-495850913,0,-475270283.3,24,35.42995334
1217,0,-501970401.7,-501570871.5,121128777.9,121528308,0.2295986809,0.2303559872,399530.1182,0.0007573063123,1.151041802,14.8489582,1,70.16548,0,0,-623099179.6,-495850913,0,-475270283.3,25,35.44573092
1218,0,-497453632.1,-495951237.3,125645547.5,127147942.3,0.2381601834,0.2410079613,1502394.788,0.002847777939,1.644510775,1.644510775,0.0719,0.111555,0,0,-623099179.6,-495850913,0,-475270283.3,26,35.46188426
1219,0,-496024847,-492824108.2,127074332.6,130275071.3,0.2408684348,0.2469354108,3200738.724,0.006066976002,0.7769309287,25.22306907,1,117.79236,0,0,-623099179.6,-495850913,0,-475270283.3,27,35.4777844
1220,0,-499433603.4,-497016413.8,123665576.2,126082765.8,0.2344071629,0.2389889274,2417189.552,0.004581764483,1.90411428,1.90411428,0.09299,0.132645,0,0,-623099179.6,-495850913,0,-475270283.3,28,35.49347162
1221,0,-500025125.7,-498498902.8,123074053.9,124600276.8,0.2332859368,0.2361788808,1526222.918,0.002892943979,0.9114268255,24.08857317,1,127.771135,0,0,-623099179.6,-495850913,0,-475270283.3,29,35.50939274
1222,0,-501332552.7,-501284495.3,121766626.9,121814684.3,0.2308077188,0.2308988112,48057.40764,9.109245211e-05,1.636271578,1.636271578,0.13227,0.171925,0,0,-623099179.6,-495850913,0,-475270283.3,30,35.52510667
1223,0,-501544569,-491339183.1,121554610.6,131759996.5,0.2304058435,0.2497500752,10205385.94,0.01934423173,1.072710071,27.92728993,1,155.223065,0,0,-623099179.6,-495850913,0,-475270283.3,31,35.54089928
1224,0,-498877784.6,-496890131.9,124221395,126209047.7,0.2354607132,0.2392282937,1987652.655,0.003767580549,1.688044061,1.688044061,0.09299,0.132645,0,0,-623099179.6,-495850913,0,-475270283.3,32,35.55706549
1225,0,-498646096.9,-489158820.6,124453082.7,133940359,0.2358998754,0.2538829358,9487276.321,0.01798306039,0.9221357284,18.07786427,1,77.518135,0,0,-623099179.6,-495850913,0,-475270283.3,33,35.57370639
1226,0,-495850913,-496481905.3,127248266.6,126617274.3,0.2411981253,0.2400020841,-630992.3243,-0.00119604117,1.313105083,1.313105083,0.03801,0.077665,0,0,-623099179.6,-495850913,0,-475270283.3,34,35.59010148
1227,0,-495995519.6,-511951236.2,127103660,111147943.4,0.2409240246,0.2106800847,-15955716.58,-0.0302439399,0.6162059891,19.38379401,1,98.007395,0,0,-623099179.6,-495850913,0,-475270283.3,35,35.60746479
1228,0,-501202144.8,-503411479.5,121897034.7,119687700.1,0.2310549059,0.2268671289,-2209334.625,-0.004187777044,1.774087129,1.774087129,0.065805,0.10546,0,0,-623099179.6,-495850913,0,-475270283.3,36,35.62344408
1229,0,-501875929.5,-493134819.8,121223250.1,129964359.8,0.2297777522,0.2463464594,8741109.672,0.01656870716,1.047021364,16.95297864,1,73.553995,0,0,-623099179.6,-495850913,0,-475270283.3,37,35.63904643
1230,0,-504505976.2,-501319639.2,118593203.4,121779540.4,0.2247925187,0.2308321962,3186336.966,0.00603967758,1.714098896,1.714098896,0.09521,0.134865,0,0,-623099179.6,-495850913,0,-475270283.3,38,35.65501547
1231,0,-502024629.9,-497513104.2,121074549.7,125586075.4,0.2294958918,0.2380474546,4511525.711,0.008551562807,0.9416871341,17.05831287,1,81.364815,0,0,-623099179.6,-495850913,0,-475270283.3,39,35.67139053
1232,0,-495850913,-497300189.4,127248266.6,125798990.2,0.2411981253,0.2384510329,-1449276.369,-0.002747092379,1.599520163,1.599520163,0.03966,0.079315,0,0,-623099179.6,-495850913,0,-475270283.3,40,35.68757176
1233,0,-496888709.3,-497613019.2,126210470.3,125486160.4,0.2392309904,0.2378580664,-724309.9187,-0.001372923964,0.6251843266,11.37481567,1,24.313615,0,0,-623099179.6,-495850913,0,-475270283.3,41,35.70412016
1234,0,-504883326.4,-506986170.4,118215853.2,116113009.2,0.2240772541,0.2200913293,-2102843.959,-0.003985924793,1.854846063,1.854846063,0.074145,0.1138,0,0,-623099179.6,-495850913,0,-475270283.3,42,35.71972561
1235,0,-506433287.4,-490183874.9,116665892.2,132915304.7,0.2211393149,0.2519399531,16249412.46,0.03080063822,1.084920324,25.91507968,1.32048,140.461015,0,0,-623099179.6,-495850913,0,-475270283.3,43,35.73534322
1236,0,-505465794.1,-504261181.5,117633385.5,118837998.1,0.222973191,0.2252565252,1204612.643,0.002283334139,1.474324547,1.474324547,0.03548,0.074845,0,0,-623099179.6,-495850913,0,-475270283.3,44,35.75109172
1237,0,-503085096.8,-487844135.8,120014082.8,135255043.8,0.2274857847,0.2563749108,15240961.01,0.02888912614,0.6321490519,25.36785095,1,128.70118,0,0,-623099179.6,-495850913,0,-475270283.3,45,35.76716304
1238,0,-498173687.8,-494575200.4,124925491.8,128523979.2,0.2367953233,0.2436162288,3598487.334,0.00682090548,1.817598403,1.817598403,0.06234,0.141655,0,0,-623099179.6,-495850913,0,-475270283.3,46,35.78309345
1239,0,-495850913,-501660163.2,127248266.6,121439016.4,0.2411981253,0.2301867357,-5809250.15,-0.01101138965,0.9769863956,28.0230136,1,151.495405,0,0,-623099179.6,-495850913,0,-475270283.3,47,35.80059505
1240,0,-504301708.5,-504889330.9,118797471.1,118209848.7,0.2251797065,0.2240658727,-587622.3816,-0.001113833773,1.988022062,1.988022062,0.06531,0.104675,0,0,-623099179.6,-495850913,0,-475270283.3,48,35.8199501
1241,0,-503642347.6,-488830947.5,119456832,134268232,0.2264295201,0.2545044167,14811400.02,0.02807489652,1.102070843,26.89792916,1,147.71323,0,0,-623099179.6,-495850913,0,-475270283.3,49,35.8380208
1242,0,-490393769.1,-484782445.7,132705410.5,138316733.9,0.2515421002,0.2621783212,5611323.375,0.01063622095,1.939709115,1.939709115,0.05048,0.129795,0,0,-623099179.6,-481487528.1,0,-475270283.3,0,35.85412359
1243,0,-495850913,-491311929.7,127248266.6,131787249.9,0.2411981253,0.2498017338,4538983.329,0.008603608513,1.864073348,1.864073348,0.06833,0.147645,0,0,-623099179.6,-495850913,0,-475270283.3,1,35.87915349
1244,0,-495850913,-488156675.3,127248266.6,134942504.3,0.2411981253,0.2557824945,7694237.662,0.0145843692,1.575962292,26.42403771,1.41866,135.40557,0,0,-623099179.6,-495850913,0,-475270283.3,2,35.90380573
1245,0,-501143071,-490542374.4,121956108.6,132556805.2,0.23116688,0.25126042,10600696.54,0.02009353999,4.078554335,4.078554335,0.32969,0.590445,0,0,-623099179.6,-495850913,0,-475270283.3,3,35.93467379
1246,0,-499983769.5,-503948669.4,123115410.1,119150510.2,0.2333643271,0.2258488894,-3964899.881,-0.007515437688,3.217347115,3.217347115,0.06681,0.136295,0,0,-623099179.6,-495850913,0,-475270283.3,4,35.95095706
1247,0,-503865161.2,-494625014.6,119234018.4,128474165,0.2260071786,0.2435218065,9240146.623,0.01751462792,1.222402724,23.77759728,1,116.87655,0,0,-623099179.6,-495850913,0,-475270283.3,5,35.9682672
1248,0,-504742671.7,-502299012.8,118356507.8,120800166.8,0.224343864,0.228975801,2443658.961,0.004631937047,2.616233673,2.616233673,0.26549,0.305425,0,0,-623099179.6,-495850913,0,-475270283.3,6,35.98446679
1249,0,-505796592.3,-506846868.4,117302587.3,116252311.2,0.2223461655,0.2203553751,-1050276.136,-0.001990790459,0.7117550407,0.7117550407,0.05704,0.096695,0,0,-623099179.6,-495850913,0,-475270283.3,7,36.00035739
1250,0,-505796592.3,-493346543.6,117302587.3,129752636,0.2223461655,0.2459451385,12450048.67,0.02359897293,0.7117550407,29.28824496,1,159.492465,0,0,-623099179.6,-495850913,0,-475270283.3,8,36.0121007
1251,0,-499273733,-496839472.9,123825446.6,126259706.7,0.2347101959,0.2393243175,2434260.111,0.0046141216,1.976277741,1.976277741,0.06681,0.136355,0,0,-623099179.6,-495850913,0,-475270283.3,9,36.02787399
1252,0,-499023968,-507296920.9,124075211.6,115802258.7,0.2351836235,0.2195023041,-8272952.819,-0.01568131939,1.091485518,18.90851448,1,88.738795,0,0,-623099179.6,-495850913,0,-475270283.3,10,36.04497099
1253,0,-504709857,-625857277,118389322.6,-2758097.424,0.2244060642,-0.005227952773,-121147420.1,-0.2296340169,2.653151074,349.2519462,1.553505,2335.71458,0,0,-623099179.6,-495850913,0,-475270283.3,11,36.06122804
1254,0,-500155356.2,-507198001.6,122943823.4,115901178,0.2330390859,0.2196898049,-7042645.392,-0.01334928099,4.830883907,4.830883907,0.143925,0.39448,0,0,-623099179.6,-495850913,0,-475270283.3,12,36.13554835
1255,0,-506038624.7,-502445056.4,117060554.9,120654123.2,0.221887395,0.2286989764,3593568.265,0.006811581422,1.698780694,1.698780694,0.06552,0.176385,0,0,-623099179.6,-495850913,0,-475270283.3,13,36.29140639
1256,0,-499986437.2,-507842734.7,123112742.4,115256444.9,0.2333592706,0.2184677181,-7856297.524,-0.01489155244,1.314313535,13.68568647,1,39.22071,0,0,-623099179.6,-495850913,0,-475270283.3,14,36.30703974
1257,0,-495912637.5,-496000201.8,127186542.1,127098977.8,0.241081127,0.2409151495,-87564.30315,-0.0001659774732,2.351314668,2.351314668,0.05967,0.212705,0,0,-623099179.6,-495850913,0,-475270283.3,15,36.32506156
1258,0,-497784600.1,-499143993.6,125314579.5,123955186,0.237532836,0.2349561161,-1359393.437,-0.002576719961,1.483780404,1.483780404,0.04284,0.0943,0,0,-623099179.6,-495850913,0,-475270283.3,16,36.34194517
1259,0,-499316708.1,-485177409.9,123782471.5,137921769.7,0.2346287369,0.2614296697,14139298.25,0.02680093272,0.9964364219,27.00356358,1.40644,138.453875,0,0,-623099179.6,-495850913,0,-475270283.3,17,36.35737991
1260,0,-497243598.6,-497693858.7,125855581,125405320.9,0.2385583003,0.2377048357,-450260.1157,-0.0008534646383,2.864836116,2.864836116,0.06381,0.20989,0,0,-623099179.6,-495850913,0,-475270283.3,18,36.37444544
1261,0,-498765658.9,-494672865,124333520.7,128426314.6,0.2356732466,0.2434311064,4092793.888,0.007757859808,1.368736201,8.631263799,1,20.32454,0,0,-623099179.6,-495850913,0,-475270283.3,19,36.40123177
1262,0,-497778012.2,-491972392.4,125321167.4,131126787.2,0.2375453233,0.2485498318,5805619.853,0.01100450845,2.203023369,2.203023369,0.05604,0.13034,0,0,-623099179.6,-495850913,0,-475270283.3,20,36.41721845
1263,0,-495850913,-510197180.6,127248266.6,112901999,0.2411981253,0.2140048837,-14346267.63,-0.02719324161,1.351658227,15.64834177,1,57.275685,0,0,-623099179.6,-495850913,0,-475270283.3,21,36.43735552
1264,0,-500769386.4,-497967686.5,122329793.1,125131493.1,0.2318751962,0.2371857972,2801699.932,0.005310600996,1.44625816,1.44625816,0.06381,0.216135,0,0,-623099179.6,-495850913,0,-475270283.3,22,36.4564414
1265,0,-498942534.7,-494480273.9,124156644.9,128618905.7,0.2353379798,0.2437961614,4462260.83,0.008458181599,1.41109727,20.58890273,1,103.076235,0,0,-623099179.6,-495850913,0,-475270283.3,23,36.47384715
1266,0,-497628004.7,-659772038.1,125471174.9,-36672858.49,0.2378296614,-0.06951312544,-162144033.4,-0.3073427868,2.058603754,299.8772944,1.282005,2065.140575,0,0,-623099179.6,-495850913,0,-475270283.3,24,36.49024296
1267,0,-495850913,-502453023,127248266.6,120646156.6,0.2411981253,0.2286838759,-6602109.962,-0.01251424942,8.427188567,8.427188567,0.087535,0.27847,0,0,-623099179.6,-495850913,0,-475270283.3,25,36.54875159
1268,0,-505326260.4,-505596814.7,117772919.1,117502364.9,0.223237676,0.2227248424,-270554.2833,-0.0005128335944,1.520875102,1.520875102,0.07893,0.192155,0,0,-623099179.6,-495850913,0,-475270283.3,26,36.70552397
1269,0,-505772961.6,-518007507.9,117326218,105091671.7,0.2223909573,0.1992004676,-12234546.27,-0.02319048977,1.488881215,18.51111878,1,92.55082,0,0,-623099179.6,-495850913,0,-475270283.3,27,36.72138691
1270,0,-506446815.8,-504392088.2,116652363.8,118707091.4,0.2211136719,0.2250083924,2054727.568,0.003894720538,2.530497226,2.530497226,0.17393,0.27198,0,0,-623099179.6,-495850913,0,-475270283.3,28,36.73838496
1271,0,-507159668,-508939943.9,115939511.6,114159235.7,0.2197624658,0.2163879665,-1780275.824,-0.003374499338,0.6195278664,0.6195278664,0.07591,0.088015,0,0,-623099179.6,-495850913,0,-475270283.3,29,36.75402164
1272,0,-507912807.8,-511490021.6,115186371.8,111609158,0.2183348952,0.2115543135,-3577213.837,-0.006780581728,0.4539246042,15.5460754,1,101.19183,0,0,-623099179.6,-495850913,0,-475270283.3,30,36.7694695
1273,0,-506346267.6,-501567890.5,116752912,121531289.1,0.2213042601,0.2303616379,4778377.171,0.009057377727,1.989940348,1.989940348,0.17393,0.30261,0,0,-623099179.6,-495850913,0,-475270283.3,31,36.7848804
1274,0,-506720118.9,-506115746.1,116379060.7,116983433.5,0.2205956278,0.2217412119,604372.8111,0.001145584085,0.7612809208,0.7612809208,0.10654,0.118645,0,0,-623099179.6,-495850913,0,-475270283.3,32,36.80103469
1275,0,-507473258.7,-513897479.6,115625920.9,109201700,0.2191680572,0.206990995,-6424220.953,-0.01217706215,0.5956776587,16.40432234,1,109.29433,0,0,-623099179.6,-495850913,0,-475270283.3,33,36.81460166
1276,0,-506785816.7,-584811381.5,116313362.9,38287798.11,0.2204710981,0.07257423126,-78025564.75,-0.1478968669,1.848187293,341.0375327,2.10887,2152.378945,0,0,-623099179.6,-495850913,0,-475270283.3,34,36.83009148
1277,0,-495850913,-496960931.4,127248266.6,126138248.2,0.2411981253,0.2390940938,-1110018.409,-0.002104031485,3.208994502,3.208994502,0.052895,0.19883,0,0,-623099179.6,-495850913,0,-475270283.3,35,36.91216731
1278,0,-497765657.7,-495534285,125333521.9,127564894.6,0.2375687412,0.2417982912,2231372.695,0.00422955004,1.753620989,1.753620989,0.04437,0.17025,0,0,-623099179.6,-495850913,0,-475270283.3,36,37.13551068
1279,0,-497391230.1,-505545975.4,125707949.4,117553204.2,0.2382784658,0.2228212079,-8154745.276,-0.01545725789,1.380797368,14.61920263,1,39.837105,0,0,-623099179.6,-495850913,0,-475270283.3,37,37.1528089
1280,0,-498510155.7,-492814754.6,124589023.8,130284425,0.2361575508,0.2469531405,5695401.107,0.01079558965,2.614811411,2.614811411,0.05202,0.221525,0,0,-623099179.6,-495850913,0,-475270283.3,38,37.17441678
1281,0,-495850913,-503158322.1,127248266.6,119940857.5,0.2411981253,0.2273469867,-7307409.098,-0.01385113858,2.314697297,9.685302703,1,2.3046,0,0,-623099179.6,-495850913,0,-475270283.3,39,37.19244742
1282,0,-501320868.8,-495422011.1,121778310.7,127677168.5,0.2308298655,0.2420111056,5898857.728,0.01118124014,1.927370498,1.927370498,0.07228,0.207125,0,0,-623099179.6,-495850913,0,-475270283.3,40,37.21889567
1283,0,-495930404.7,-498210771.8,127168774.9,124888407.8,0.2410474495,0.2367250309,-2280367.142,-0.004322418642,1.591449605,20.40855039,1,109.63729,0,0,-623099179.6,-495850913,0,-475270283.3,41,37.23534441
1284,0,-496038441.3,-495950891.3,127060738.3,127148288.3,0.2408426669,0.2410086172,87549.98556,0.0001659503344,2.506486387,2.506486387,0.20231,0.327445,0,0,-623099179.6,-495850913,0,-475270283.3,42,37.25288057
1285,0,-495850913,-492692643.4,127248266.6,130406536.2,0.2411981253,0.2471846015,3158269.638,0.005986476172,2.32066233,2.32066233,0.04558,0.169505,0,0,-623099179.6,-495850913,0,-475270283.3,43,37.26956916
1286,0,-495850913,-513436331.5,127248266.6,109662848.1,0.2411981253,0.2078650978,-17585418.5,-0.03333302754,1.699745335,19.30025467,1,89.190315,0,0,-623099179.6,-495850913,0,-475270283.3,44,37.28682375
1287,0,-504892499,-506978127.7,118206680.6,116121051.9,0.2240598676,0.2201065742,-2085628.675,-0.003953293353,1.970125796,1.970125796,0.146235,0.205045,0,0,-623099179.6,-495850913,0,-475270283.3,45,37.3038125
1288,0,-506902665.8,-503834335.9,116196513.8,119264843.7,0.2202496116,0.2260656077,3068329.941,0.005815996158,1.073064085,1.073064085,0.042075,0.106335,0,0,-623099179.6,-495850913,0,-475270283.3,46,37.32129073
1289,0,-505417657.9,-487502251.9,117681521.7,135596927.7,0.2230644329,0.2570229492,17915405.99,0.03395851633,0.9272871442,25.07271286,1.46769,131.79377,0,0,-623099179.6,-495850913,0,-475270283.3,47,37.33824801
1290,0,-497714996.7,-496491981.8,125384182.9,126607197.8,0.2376647688,0.2399829843,1223014.892,0.002318215463,2.209161665,2.209161665,0.04558,0.16369,0,0,-623099179.6,-495850913,0,-475270283.3,48,37.35675001
1291,0,-495850913,-484403442.2,127248266.6,138695737.4,0.2411981253,0.2628967196,11447470.85,0.02169859427,1.567287003,24.432713,1.46042,117.66673,0,0,-623099179.6,-495850913,0,-475270283.3,49,37.37465954
1292,0,-490890843.2,-489503584.5,132208336.4,133595595.1,0.2505999001,0.2532294383,1387258.651,0.002629538263,1.578405368,1.578405368,0.06241,0.17816,0,0,-623099179.6,-485873910.1,0,-475270283.3,0,37.39064336
1293,0,-495850913,-497036583.1,127248266.6,126062596.5,0.2411981253,0.2389506966,-1185670.113,-0.002247428717,1.0526808,1.0526808,0.04437,0.134845,0,0,-623099179.6,-495850913,0,-475270283.3,1,37.40706182
1294,0,-495850913,-490802353.9,127248266.6,132296825.7,0.2411981253,0.2507676309,5048559.141,0.009569505605,0.9791974871,12.02080251,1.04806,40.06294,0,0,-623099179.6,-495850913,0,-475270283.3,2,37.42799878
1295,0,-495850913,-495940229.5,127248266.6,127158950.1,0.2411981253,0.2410288267,-89316.4502,-0.0001692986547,3.415192929,3.415192929,0.11821,0.3821,0,0,-623099179.6,-495850913,0,-475270283.3,3,37.44490957
1296,0,-495850913,-492977083.3,127248266.6,130122096.3,0.2411981253,0.2466454477,2873829.685,0.005447322396,2.194008503,13.8059915,1,36.17683,0,0,-623099179.6,-495850913,0,-475270283.3,4,37.46253991
1297,0,-495850913,-492894876.7,127248266.6,130204302.9,0.2411981253,0.2468012698,2956036.345,0.005603144498,2.388249894,2.388249894,0.12457,0.27147,0,0,-623099179.6,-495850913,0,-475270283.3,5,37.48185134
1298,0,-495850913,-495864049.7,127248266.6,127235129.9,0.2411981253,0.2411732249,-13136.64893,-2.490041853e-05,1.885719226,16.11428077,1,74.282345,0,0,-623099179.6,-495850913,0,-475270283.3,6,37.49798751
1299,0,-495850913,-491412811.8,127248266.6,131686367.8,0.2411981253,0.2496105125,4438101.217,0.008412387235,2.909826252,2.909826252,0.10014,0.255325,0,0,-623099179.6,-495850913,0,-475270283.3,7,37.51525855
1300,0,-495850913,-516998031.2,127248266.6,106101148.4,0.2411981253,0.2011139229,-21147118.23,-0.04008420239,2.10240933,8.89759067,1,11.54485,0,0,-623099179.6,-495850913,0,-475270283.3,8,37.53218699
1301,0,-503882958.9,-503956434.9,119216220.7,119142744.7,0.2259734432,0.2258341699,-73476.03272,-0.0001392732634,2.481435529,2.481435529,0.16842,0.42829,0,0,-623099179.6,-495850913,0,-475270283.3,9,37.55129337
1302,0,-500813830.9,-494750398.9,122285348.7,128348780.7,0.231790952,0.2432841414,6063432.023,0.01149318946,1.768160012,1.768160012,0.04437,0.130315,0,0,-623099179.6,-495850913,0,-475270283.3,10,37.56729007
1303,0,-496999449.9,-497868382.3,126099729.7,125230797.3,0.2390210824,0.2373740275,-868932.4319,-0.001647054842,0.9394904224,13.06050958,1,42.54068,0,0,-623099179.6,-495850913,0,-475270283.3,11,37.5831759
1304,0,-496263580.7,-494205797.6,126835598.9,128893382,0.2404159168,0.2443164291,2057783.115,0.003900512305,2.17784538,2.17784538,0.04558,0.15916,0,0,-623099179.6,-495850913,0,-475270283.3,12,37.59925008
1305,0,-497246533.6,-502653428.7,125852646,120445750.9,0.2385527371,0.2283040083,-5406895.149,-0.01024872879,1.5274978,12.4725022,1,39.975465,0,0,-623099179.6,-495850913,0,-475270283.3,13,37.61517906
1306,0,-497119391.3,-592089529.7,125979788.3,31009649.86,0.2387937344,0.05877855638,-94970138.48,-0.180015178,1.557636532,339.5333794,1,2094.186675,0,0,-623099179.6,-495850913,0,-475270283.3,14,37.63118339
1307,0,-495850913,-487384940.7,127248266.6,135714238.9,0.2411981253,0.2572453117,8465972.308,0.01604718637,7.564273558,7.564273558,0.12362,0.32116,0,0,-623099179.6,-495850913,0,-475270283.3,15,37.69319439
1308,0,-495850913,-493668545.8,127248266.6,129430633.8,0.2411981253,0.2453347858,2182367.181,0.004136660458,2.6702662,2.6702662,0.09798,0.16747,0,0,-623099179.6,-495850913,0,-475270283.3,16,37.8377552
1309,0,-495850913,-493959814.8,127248266.6,129139364.8,0.2411981253,0.2447826877,1891098.252,0.003584562409,2.387959869,2.387959869,0.09798,0.150945,0,0,-623099179.6,-495850913,0,-475270283.3,17,37.8716681
1310,0,-495850913,-493252003.6,127248266.6,129847176,0.2411981253,0.2461243385,2598909.441,0.004926213156,2.337811777,18.66218822,1,42.665335,0,0,-623099179.6,-495850913,0,-475270283.3,18,37.89157844
1311,0,-495850913,-498547872.1,127248266.6,124551307.5,0.2411981253,0.2360860598,-2696959.104,-0.005112065551,5.267763914,5.267763914,0.16193,0.285785,0,0,-623099179.6,-495850913,0,-475270283.3,19,37.99485373
1312,0,-495850913,-491417536.1,127248266.6,131681643.5,0.2411981253,0.2496015577,4433376.943,0.00840343241,1.557741123,1.557741123,0.08214,0.16102,0,0,-623099179.6,-495850913,0,-475270283.3,20,38.0222199
1313,0,-495850913,-501088920.7,127248266.6,122010258.9,0.2411981253,0.2312695214,-5238007.717,-0.009928603945,1.306586916,18.69341308,1,111.31569,0,0,-623099179.6,-495850913,0,-475270283.3,21,38.04484057
1314,0,-497542786.9,-496764727.4,125556392.7,126334452.2,0.2379911912,0.2394659971,778059.5104,0.001474805907,1.195360986,1.195360986,0.05835,0.133645,0,0,-623099179.6,-495850913,0,-475270283.3,22,38.0802381
1315,0,-495850913,-486496968.8,127248266.6,136602210.8,0.2411981253,0.2589284557,9353944.202,0.01773033037,1.008419478,19.99158052,1,113.347335,0,0,-623099179.6,-495850913,0,-475270283.3,23,38.09642172
1316,0,-495850913,-482478251.8,127248266.6,140620927.8,0.2411981253,0.2665459033,13372661.19,0.02534777798,5.004717121,5.004717121,0.47678,0.811635,0,0,-623099179.6,-495850913,0,-475270283.3,24,38.11799955
1317,0,-495850913,-525792856.9,127248266.6,97306322.68,0.2411981253,0.1844433975,-29941943.9,-0.05675472784,4.729173115,19.27082689,1,74.700415,0,0,-623099179.6,-495850913,0,-475270283.3,25,38.13573098
1318,0,-501088067.9,-496901304.2,122011111.7,126197875.4,0.2312711378,0.2392071168,4186763.755,0.00793597898,3.631612402,3.631612402,0.2885,0.39477,0,0,-623099179.6,-495850913,0,-475270283.3,26,38.17713404
1319,0,-499423110,-499309587.4,123676069.6,123789592.2,0.234427053,0.2346422342,113522.5459,0.0002151811257,1.233334624,1.233334624,0.08723,0.148205,0,0,-623099179.6,-495850913,0,-475270283.3,27,38.19818473
1320,0,-500413178.5,-498757189.4,122686001.1,124341990.2,0.2325503857,0.2356893004,1655989.045,0.00313891469,1.058612474,16.94138753,1,92.869765,0,0,-623099179.6,-495850913,0,-475270283.3,28,38.21185112
1321,0,-500012920.3,-499491831.6,123086259.3,123607347.9,0.233309072,0.2342967916,521088.6515,0.0009877195912,2.43667189,2.43667189,0.16524,0.25247,0,0,-623099179.6,-495850913,0,-475270283.3,29,38.22777891
1322,0,-500797584.5,-498939145.5,122301595.1,124160034.1,0.231821747,0.235344404,1858439.008,0.00352265706,1.509702711,1.509702711,0.08723,0.168055,0,0,-623099179.6,-495850913,0,-475270283.3,30,38.2440846
1323,0,-500609527.8,-495424227.7,122489651.8,127674951.8,0.232178207,0.242006904,5185300.067,0.009828696995,1.379737608,16.62026239,1,74.783855,0,0,-623099179.6,-495850913,0,-475270283.3,31,38.26012826
1324,0,-500353055.9,-499553438.3,122746123.7,123545741.3,0.2326643476,0.2341800167,799617.5896,0.001515669083,1.46010847,1.46010847,0.08723,0.129925,0,0,-623099179.6,-495850913,0,-475270283.3,32,38.27633095
1325,0,-501054412.3,-500466207.5,122044767.3,122632972.1,0.2313349319,0.2324498695,588204.7733,0.001114937692,0.7395832505,11.26041675,1,56.43259,0,0,-623099179.6,-495850913,0,-475270283.3,33,38.29287076
1326,0,-500537345.3,-668903372.7,122561834.3,-45804193.1,0.2323150283,-0.08682150102,-168366027.4,-0.3191365293,0.9158501456,339.1176948,1.28819,2230.67091,0,0,-623099179.6,-495850913,0,-475270283.3,34,38.30855989
1327,0,-508176794.8,-505984205.5,114922384.8,117114974.1,0.2178345097,0.2219905462,2192589.315,0.004156036435,8.648582698,8.648582698,0.216895,0.626105,0,0,-623099179.6,-495850913,0,-475270283.3,35,38.37959242
1328,0,-499733596.3,-499455898.7,123365583.3,123643280.9,0.2338385286,0.2343649023,277697.5912,0.0005263736804,2.583392029,2.583392029,0.06533,0.186715,0,0,-623099179.6,-495850913,0,-475270283.3,36,38.56097388
1329,0,-500727401.7,-472198482.7,122371777.9,150900696.9,0.231954778,0.2860311278,28528918.97,0.05407634978,2.55077206,13.47836412,0.88228,1.26909,0,0,-623099179.6,-495850913,0,-475270283.3,37,38.57865882
1330,0,-499826515.5,-503278008.6,123272664.1,119821171,0.2336624009,0.2271201218,-3451493.148,-0.006542279115,2.363370581,2.363370581,0.09982,0.243575,0,0,-623099179.6,-495850913,0,-475270283.3,38,38.61536074
1331,0,-502980566.1,-495177960.5,120118613.5,127921219.1,0.2276839219,0.2424737017,7802605.595,0.0147897798,1.788606754,17.21139325,1,28.111195,0,0,-623099179.6,-495850913,0,-475270283.3,39,38.63372493
1332,0,-495850913,-496651235.5,127248266.6,126447944.1,0.2411981253,0.2396811201,-800322.4773,-0.001517005193,2.641057433,2.641057433,0.09282,0.14092,0,0,-623099179.6,-495850913,0,-475270283.3,40,38.65524364
1333,0,-498084534.9,-507826201.8,125014644.7,115272977.8,0.2369643119,0.218499056,-9741666.94,-0.01846525588,1.162840447,14.83715955,1,47.948255,0,0,-623099179.6,-495850913,0,-475270283.3,41,38.68098736
1334,0,-498269408.3,-496728079.6,124829771.2,126371100,0.2366138857,0.2395354627,1541328.777,0.00292157702,1.519998103,1.519998103,0.09282,0.20481,0,0,-623099179.6,-495850913,0,-475270283.3,42,38.71154332
1335,0,-497678913.5,-492913026.2,125420266.1,130186153.4,0.2377331643,0.2467668674,4765887.235,0.009033703149,1.509816459,12.49018354,1,41.5883,0,0,-623099179.6,-495850913,0,-475270283.3,43,38.72737193
1336,0,-499927148.6,-503240270.5,123172031,119858909.1,0.2334716517,0.2271916542,-3313121.913,-0.006279997486,1.58371124,1.58371124,0.10837,0.25753,0,0,-623099179.6,-495850913,0,-475270283.3,44,38.74614096
1337,0,-501658637.2,-491987040.1,121440542.4,131112139.5,0.2301896281,0.2485220671,9671597.079,0.01833243899,0.9619121802,16.03808782,1,108.887305,0,0,-623099179.6,-495850913,0,-475270283.3,45,38.76277566
1338,0,-498413216.5,-497993456.1,124685963.1,125105723.5,0.2363412985,0.2371369511,419760.4018,0.0007956526616,0.8249085949,0.8249085949,0.09282,0.15119,0,0,-623099179.6,-495850913,0,-475270283.3,46,38.77877307
1339,0,-497948056.9,-476618796.4,125151122.6,146480383.2,0.2372230049,0.2776524566,21329260.52,0.04042945173,0.8138355509,22.18616445,1.63923,118.73767,0,0,-623099179.6,-495850913,0,-475270283.3,47,38.79543805
1340,0,-495850913,-493194858.1,127248266.6,129904321.5,0.2411981253,0.2462326572,2656054.888,0.005034531919,1.140094904,1.140094904,0.11346,0.25101,0,0,-623099179.6,-495850913,0,-475270283.3,48,38.81347489
1341,0,-496962940.4,-497635228.4,126136239.1,125463951.2,0.2390902857,0.237815969,-672287.9626,-0.00127431674,0.9738993629,10.02610064,1,47.56489,0,0,-623099179.6,-495850913,0,-475270283.3,49,38.83559322
1342,0,-498526904.3,-498441672.5,124572275.3,124657507.1,0.2361258041,0.2362873603,85231.79784,0.0001615562271,1.100025835,1.100025835,0.09282,0.15771,0,0,-623099179.6,-475363981.9,0,-475270283.3,0,38.8515842
1343,0,-499207385.5,-497189036.7,123891794.1,125910142.9,0.2348359571,0.2386617219,2018348.769,0.003825764802,0.9235020831,0.9235020831,0.09282,0.14374,0,0,-623099179.6,-495850913,0,-475270283.3,1,38.86707687
1344,0,-498065413.9,-495408845,125033765.7,127690334.6,0.2370005557,0.2420360618,2656568.833,0.005035506098,0.8426648148,15.15733519,1,77.089785,0,0,-623099179.6,-495850913,0,-475270283.3,2,38.88305855
1345,0,-500018532,-595304333.4,123080647.6,27794846.17,0.2332984351,0.05268492035,-95285801.44,-0.1806135148,1.190446685,300.5552031,1.15699,2096.57597,0,0,-623099179.6,-495850913,0,-475270283.3,3,38.90022063
1346,0,-495850913,-503387672.3,127248266.6,119711507.3,0.2411981253,0.2269122553,-7536759.25,-0.01428587006,12.80778621,12.80778621,0.18117,0.49969,0,0,-623099179.6,-495850913,0,-475270283.3,4,38.9839344
1347,0,-495850913,-495537263.6,127248266.6,127561916,0.2411981253,0.2417926453,313649.3675,0.00059452,2.7933078,2.7933078,0.08128,0.27179,0,0,-623099179.6,-495850913,0,-475270283.3,5,39.17496538
1348,0,-495850913,-475954432.2,127248266.6,147144747.4,0.2411981253,0.278911754,19896480.83,0.03771362868,2.26964393,11.00815175,0.189035,0.561835,0,0,-623099179.6,-495850913,0,-475270283.3,6,39.20227551
1349,0,-495850913,-495027949.9,127248266.6,128071229.7,0.2411981253,0.2427580456,822963.0652,0.001559920255,4.325229632,4.325229632,0.07902,0.198785,0,0,-623099179.6,-495850913,0,-475270283.3,7,39.23845005
1350,0,-495850913,-494915504.4,127248266.6,128183675.2,0.2411981253,0.2429711852,935408.5873,0.001773059891,1.67182797,1.67182797,0.05317,0.138005,0,0,-623099179.6,-495850913,0,-475270283.3,8,39.26339006
1351,0,-495850913,-500964244.4,127248266.6,122134935.2,0.2411981253,0.2315058444,-5113331.378,-0.009692280889,1.35316388,18.64683612,1,37.433335,0,0,-623099179.6,-495850913,0,-475270283.3,9,39.28182483
1352,0,-495850913,-487747177.9,127248266.6,135352001.7,0.2411981253,0.2565586939,8103735.154,0.01536056859,6.50543545,6.50543545,0.352135,0.638775,0,0,-623099179.6,-495850913,0,-475270283.3,10,39.3239398
1353,0,-495850913,-508048025.2,127248266.6,115051154.4,0.2411981253,0.2180785915,-12197112.22,-0.0231195338,6.12632917,16.06670678,1,4.40259,0,0,-623099179.6,-495850913,0,-475270283.3,11,39.36185789
1354,0,-495850913,-496898359.7,127248266.6,126200819.9,0.2411981253,0.2392126981,-1047446.654,-0.001985427197,3.665897801,3.665897801,0.169935,0.223105,0,0,-623099179.6,-495850913,0,-475270283.3,12,39.41574168
1355,0,-495850913,-491464984.1,127248266.6,131634195.5,0.2411981253,0.2495116204,4385928.939,0.008313495078,2.595424279,13.40457572,1,4.45544,0,0,-623099179.6,-495850913,0,-475270283.3,13,39.45128322
1356,0,-495850913,-500347602.3,127248266.6,122751577.3,0.2411981253,0.2326746847,-4496689.336,-0.008523440571,5.314601828,5.314601828,0.20807,0.26493,0,0,-623099179.6,-495850913,0,-475270283.3,14,39.49378681
1357,0,-496819789.4,-499617342.1,126279390.2,123481837.5,0.2393616274,0.2340588875,-2797552.693,-0.005302739935,1.589169336,1.589169336,0.05686,0.11183,0,0,-623099179.6,-495850913,0,-475270283.3,15,39.53971863
1358,0,-496819789.4,-486986858.5,126279390.2,136112321.1,0.2393616274,0.2579998735,9832930.958,0.01863824614,1.589169336,20.41083066,1,104.442165,0,0,-623099179.6,-495850913,0,-475270283.3,16,39.55685353
1359,0,-495850913,-496257415,127248266.6,126841764.6,0.2411981253,0.2404276039,-406501.9764,-0.0007705214166,1.782591371,1.782591371,0.05317,0.10519,0,0,-623099179.6,-495850913,0,-475270283.3,17,39.58439827
1360,0,-495850913,-521809136.1,127248266.6,101290043.5,0.2411981253,0.1919945101,-25958223.1,-0.04920361523,1.228669034,23.77672889,1.047355,4.94734,0,0,-623099179.6,-495850913,0,-475270283.3,18,39.61175275
1361,0,-495850913,-494364634.5,127248266.6,128734545.1,0.2411981253,0.244015355,1486278.525,0.002817229684,2.486337233,2.486337233,0.08128,0.17969,0,0,-623099179.6,-495850913,0,-475270283.3,19,39.67771006
1362,0,-495850913,-491154065.2,127248266.6,131945114.4,0.2411981253,0.2501009647,4696847.808,0.008902839438,1.271257162,17.72874284,1,56.497405,0,0,-623099179.6,-495850913,0,-475270283.3,20,39.72481847
1363,0,-495850913,-496003836.7,127248266.6,127095342.9,0.2411981253,0.2409082596,-152923.6999,-0.0002898657147,1.712433475,1.712433475,0.055965,0.174825,0,0,-623099179.6,-495850913,0,-475270283.3,21,39.74454236
1364,0,-495850913,-496939206.4,127248266.6,126159973.2,0.2411981253,0.2391352734,-1088293.403,-0.0020628519,1.406154264,9.593845736,1,19.92306,0,0,-623099179.6,-495850913,0,-475270283.3,22,39.76903176
1365,0,-495850913,-489399195.9,127248266.6,133699983.7,0.2411981253,0.2534273062,6451717.087,0.01222918086,3.519109613,3.519109613,0.140735,0.300625,0,0,-623099179.6,-495850913,0,-475270283.3,23,39.79199553
1366,0,-495850913,-488761567.6,127248266.6,134337612,0.2411981253,0.2546359258,7089345.42,0.01343780054,2.74630522,2.74630522,0.140735,0.275185,0,0,-623099179.6,-495850913,0,-475270283.3,24,39.82875705
1367,0,-495850913,-507401239.6,127248266.6,115697940,0.2411981253,0.2193045688,-11550326.55,-0.02189355648,2.745542979,7.254457021,1,3.573935,0,0,-623099179.6,-495850913,0,-475270283.3,25,39.84464431
1368,0,-498057933.8,-499177838.7,125041245.8,123921340.8,0.2370147341,0.2348919628,-1119904.932,-0.002122771315,0.9897892833,0.9897892833,0.06805,0.130595,0,0,-623099179.6,-495850913,0,-475270283.3,26,39.86508012
1369,0,-497886964.5,-498560887.1,125212215.1,124538292.5,0.2373388051,0.23606139,-673922.544,-0.001277415077,0.8504753171,0.8504753171,0.05317,0.115715,0,0,-623099179.6,-495850913,0,-475270283.3,27,39.88136649
1370,0,-497859125.9,-491943572.2,125240053.7,131155607.4,0.2373915729,0.2486044603,5915553.779,0.01121288737,0.814444678,9.185555322,1,21.473285,0,0,-623099179.6,-495850913,0,-475270283.3,28,39.89699912
1371,0,-495850913,-499209401.4,127248266.6,123889778.2,0.2411981253,0.234832136,-3358488.418,-0.006365989353,2.547228012,2.547228012,0.14827,0.389875,0,0,-623099179.6,-495850913,0,-475270283.3,29,39.91513729
1372,0,-495850913,-491038774.5,127248266.6,132060405.1,0.2411981253,0.2503194974,4812138.498,0.009121372067,1.949593452,1.949593452,0.06946,0.214905,0,0,-623099179.6,-495850913,0,-475270283.3,30,39.93163013
1373,0,-495850913,-526505867,127248266.6,96593312.56,0.2411981253,0.1830918922,-30654954.03,-0.05810623313,1.807200193,15.19279981,1,4.093715,0,0,-623099179.6,-495850913,0,-475270283.3,31,39.95266914
1374,0,-502533002.8,-498947264.4,120566176.8,124151915.2,0.2285322748,0.2353290147,3585738.393,0.00679673996,1.980426679,1.980426679,0.06946,0.185165,0,0,-623099179.6,-495850913,0,-475270283.3,32,40.00784373
1375,0,-497416591.3,-487789878,125682588.3,135309301.6,0.2382303939,0.2564777561,9626713.358,0.01824736224,1.198003902,28.8019961,1,147.877675,0,0,-623099179.6,-495850913,0,-475270283.3,33,40.02652192
1376,0,-495850913,-500390115.7,127248266.6,122709063.9,0.2411981253,0.232594101,-4539202.673,-0.008604024278,3.006701705,3.006701705,0.09661,0.26576,0,0,-623099179.6,-495850913,0,-475270283.3,34,40.04675746
1377,0,-498903433.5,-499343320.3,124195746.1,123755859.3,0.2354120959,0.2345782937,-439886.8263,-0.0008338021468,1.428362748,1.428362748,0.09661,0.205565,0,0,-623099179.6,-495850913,0,-475270283.3,35,40.07942748
1378,0,-498768655.5,-484072332.7,124330524.1,139026846.9,0.2356675665,0.2635243351,14696322.8,0.02785676854,1.366482793,28.63351721,1,159.06965,0,0,-623099179.6,-495850913,0,-475270283.3,36,40.09550619
1379,0,-495850913,-495095287.4,127248266.6,128003892.2,0.2411981253,0.242630408,755625.6253,0.001432282648,3.114534886,3.114534886,0.16437,0.38832,0,0,-623099179.6,-495850913,0,-475270283.3,37,40.11608219
1380,0,-497262937.8,-498596347.7,125836241.8,124502831.9,0.238521643,0.2359941747,-1333409.862,-0.002527468292,1.478579961,1.478579961,0.07619,0.163755,0,0,-623099179.6,-495850913,0,-475270283.3,38,40.13472629
1381,0,-499299131.6,-495512933.5,123800048,127586246.1,0.2346620532,0.241838763,3786198.095,0.007176709806,1.166241922,8.833758078,1,10.97875,0,0,-623099179.6,-495850913,0,-475270283.3,39,40.1505053
1382,0,-504453525,-507769722.9,118645654.6,115329456.7,0.2248919394,0.2186061114,-3316197.93,-0.006285828054,2.404349434,2.404349434,0.08147,0.203655,0,0,-623099179.6,-495850913,0,-475270283.3,40,40.16701651
1383,0,-505394331.1,-507132094.6,117704848.5,115967085,0.2231086486,0.2198147311,-1737763.469,-0.00329391749,1.321754247,1.321754247,0.08147,0.178215,0,0,-623099179.6,-495850913,0,-475270283.3,41,40.1844995
1384,0,-505394331.1,-495882887,117704848.5,127216292.6,0.2231086486,0.2411375189,9511444.179,0.01802887038,1.321754247,9.678245753,1,13.63029,0,0,-623099179.6,-495850913,0,-475270283.3,42,40.1962409
1385,0,-495850913,-492094364.6,127248266.6,131004815,0.2411981253,0.2483186344,3756548.411,0.007120509055,3.536678835,3.536678835,0.18532,0.33308,0,0,-623099179.6,-495850913,0,-475270283.3,43,40.2153697
1386,0,-495850913,-491456736.3,127248266.6,131642443.3,0.2411981253,0.249527254,4394176.745,0.008329128731,2.358393623,2.358393623,0.18532,0.30764,0,0,-623099179.6,-495850913,0,-475270283.3,44,40.23939347
1387,0,-495850913,-518398662.2,127248266.6,104700517.4,0.2411981253,0.1984590375,-22547749.2,-0.0427390878,2.358393623,7.725482269,1,1.735305,0,0,-623099179.6,-495850913,0,-475270283.3,45,40.2559669
1388,0,-506538231.7,-509681958.6,116560947.9,113417221,0.2209403938,0.2149814832,-3143726.934,-0.005958910588,1.516106636,1.516106636,0.08147,0.165275,0,0,-623099179.6,-495850913,0,-475270283.3,46,40.27259493
1389,0,-507345313.4,-498826422.6,115753866.2,124272757,0.2194105765,0.2355580694,8518890.733,0.01614749285,1.230332849,13.76966715,1,51.57865,0,0,-623099179.6,-495850913,0,-475270283.3,47,40.28624678
1390,0,-495850913,-620374649.6,127248266.6,2724530.014,0.2411981253,0.005164326001,-124523736.6,-0.2360337993,3.536678835,336.5234991,1.94906,2267.99795,0,0,-623099179.6,-495850913,0,-475270283.3,48,40.30626225
1391,0,-495850913,-490497352.8,127248266.6,132601826.8,0.2411981253,0.2513457581,5353560.175,0.01014763275,8.888555737,8.888555737,0.238285,0.601875,0,0,-623099179.6,-495850913,0,-475270283.3,49,40.39343166
1392,0,-488026623.4,-493321550.6,135072556.2,129777629,0.2560290071,0.2459925126,-5294927.215,-0.01003649442,4.230722917,4.230722917,0.238285,0.416595,0,0,-623099179.6,-477920881.7,0,-475270283.3,0,40.53991866
1393,0,-495850913,-495462247.5,127248266.6,127636932.1,0.2411981253,0.2419348378,388665.4656,0.0007367124456,4.425074965,4.425074965,0.238285,0.416595,0,0,-623099179.6,-495850913,0,-475270283.3,1,40.56578588
1394,0,-495850913,-502706095.1,127248266.6,120393084.5,0.2411981253,0.2282041796,-6855182.062,-0.01299394566,3.856869566,15.14313043,1,27.005895,0,0,-623099179.6,-495850913,0,-475270283.3,2,40.59099841
1395,0,-495850913,-489815724.6,127248266.6,133283455,0.2411981253,0.2526377791,6035188.365,0.01143965382,3.723988439,3.723988439,0.1986,0.298565,0,0,-623099179.6,-495850913,0,-475270283.3,3,40.62784028
1396,0,-495850913,-498560323.9,127248266.6,124538855.7,0.2411981253,0.2360624574,-2709410.92,-0.005135667873,2.09874538,2.09874538,0.10169,0.201655,0,0,-623099179.6,-495850913,0,-475270283.3,4,40.6544075
1397,0,-500736828.1,-512441867.4,122362351.5,110657312.2,0.2319369102,0.2097500969,-11705039.31,-0.02218681335,1.36507114,11.63492886,1,62.666085,0,0,-623099179.6,-495850913,0,-475270283.3,5,40.67282677
1398,0,-502485957.9,-502491227.9,120613221.7,120607951.7,0.228621448,0.2286114588,-5270.002814,-9.98925041e-06,1.734535504,1.734535504,0.09358,0.153335,0,0,-623099179.6,-495850913,0,-475270283.3,6,40.6887989
1399,0,-502367324.4,-503128856.2,120731855.2,119970323.4,0.2288463169,0.2274028391,-761531.813,-0.001443477782,1.130485332,1.130485332,0.069835,0.12959,0,0,-623099179.6,-495850913,0,-475270283.3,7,40.70511317
1400,0,-502367324.4,-498198729.8,120731855.2,124900449.8,0.2288463169,0.2367478564,4168594.637,0.007901539554,1.130485332,21.86951467,1,124.37739,0,0,-623099179.6,-495850913,0,-475270283.3,8,40.7168293
1401,0,-499900943.7,-497462325,123198235.9,125636854.6,0.2335213228,0.238143706,2438618.684,0.004622383241,1.577925692,1.577925692,0.08669,0.197215,0,0,-623099179.6,-495850913,0,-475270283.3,9,40.73299336
1402,0,-499747303.9,-504611001.5,123351875.7,118488178.1,0.2338125459,0.224593444,-4863697.584,-0.009219101925,1.406595089,9.593404911,1,32.39999,0,0,-623099179.6,-495850913,0,-475270283.3,10,40.74899125
1403,0,-500532084.3,-498581000.6,122567095.3,124518179,0.2323250005,0.236023265,1951083.76,0.003698264485,1.564570378,1.564570378,0.10169,0.212215,0,0,-623099179.6,-495850913,0,-475270283.3,11,40.76465106
1404,0,-500545279.2,-511908519.8,122553900.4,111190659.8,0.2322999897,0.2107610533,-11363240.58,-0.02153893643,1.446307768,17.55369223,1,121.225205,0,0,-623099179.6,-495850913,0,-475270283.3,12,40.7803061
1405,0,-502354129.5,-631980674.2,120745050.1,-8881494.564,0.2288713277,-0.01683480566,-129626544.7,-0.2457061334,1.248747942,333.0952848,1.46224,2261.35244,0,0,-623099179.6,-495850913,0,-475270283.3,13,40.79637003
1406,0,-495850913,-496579323.8,127248266.6,126519855.8,0.2411981253,0.2398174282,-728410.8039,-0.00138069716,5.902399737,5.902399737,0.045075,0.115725,0,0,-623099179.6,-495850913,0,-475270283.3,14,40.86469269
1407,0,-495850913,-496751327.2,127248266.6,126347852.4,0.2411981253,0.239491397,-900414.1873,-0.001706728271,2.367446454,2.367446454,0.06854,0.13919,0,0,-623099179.6,-495850913,0,-475270283.3,15,41.09885454
1408,0,-495850913,-496554720.3,127248266.6,126544459.3,0.2411981253,0.2398640639,-703807.306,-0.001334061417,2.367446454,24.63255355,1,104.101305,0,0,-623099179.6,-495850913,0,-475270283.3,16,41.11534739
1409,0,-495850913,-497444734.8,127248266.6,125654444.8,0.2411981253,0.2381770482,-1593821.757,-0.003021077065,3.182152875,3.182152875,0.13671,0.336515,0,0,-623099179.6,-495850913,0,-475270283.3,17,41.16324472
1410,0,-495850913,-494300943,127248266.6,128798236.6,0.2411981253,0.2441360817,1549970.004,0.002937956401,2.435436876,2.435436876,0.13671,0.251575,0,0,-623099179.6,-495850913,0,-475270283.3,18,41.19385958
1411,0,-495850913,-513730003.7,127248266.6,109369175.9,0.2411981253,0.2073084443,-17879090.69,-0.03388968096,2.291152327,15.70884767,1,37.711255,0,0,-623099179.6,-495850913,0,-475270283.3,19,41.22427964
1412,0,-507232729,-514918152.1,115866450.6,108181027.5,0.2196239794,0.2050563181,-7685423.128,-0.01456766132,2.528601861,2.528601861,0.13888,0.2937,0,0,-623099179.6,-495850913,0,-475270283.3,20,41.28751969
1413,0,-512620924.4,-505798489.2,110478255.2,117300690.4,0.2094106958,0.22234257,6822435.155,0.01293187415,1.746421105,14.25357889,1,41.62221,0,0,-623099179.6,-495850913,0,-475270283.3,21,41.30565095
1414,0,-495850913,-491633092.3,127248266.6,131466087.2,0.2411981253,0.2491929724,4217820.655,0.007994847099,2.667357796,2.667357796,0.05309,0.180275,0,0,-623099179.6,-495850913,0,-475270283.3,22,41.32388401
1415,0,-495850913,-506943558.1,127248266.6,116155621.5,0.2411981253,0.2201721005,-11092645.14,-0.02102602482,1.810726924,8.189273076,1,16.813695,0,0,-623099179.6,-495850913,0,-475270283.3,23,41.34433174
1416,0,-516951794.3,-516979923.8,106147385.3,106119255.8,0.2012015648,0.2011482454,-28129.56907,-5.331938507e-05,1.32082915,1.32082915,0.05017,0.148985,0,0,-623099179.6,-495850913,0,-475270283.3,24,41.36546016
1417,0,-517932744.5,-514981779.2,105166435,108117400.4,0.1993421809,0.2049357134,2950965.376,0.005593532514,1.024808075,27.97519193,1,149.64939,0,0,-623099179.6,-495850913,0,-475270283.3,25,41.38133407
1418,0,-512846191.3,-513044198.6,110252988.3,110054981,0.2089837041,0.2086083826,-198007.3439,-0.0003753214203,2.314688373,2.314688373,0.14515,0.282885,0,0,-623099179.6,-495850913,0,-475270283.3,26,41.39876342
1419,0,-513924204.6,-517592054.3,109174975,105507125.3,0.2069403381,0.1999879567,-3667849.717,-0.006952381352,1.83662287,1.83662287,0.05309,0.17969,0,0,-623099179.6,-495850913,0,-475270283.3,27,41.41905308
1420,0,-515817901.7,-470733406.7,107281277.9,152365772.9,0.2033508495,0.2888081682,45084494.97,0.08545731867,1.570924922,17.42907508,1,27.529405,0,0,-623099179.6,-495850913,0,-475270283.3,28,41.43701553
1421,0,-495850913,-496740204.1,127248266.6,126358975.5,0.2411981253,0.2395124809,-889291.0495,-0.001685644447,1.782930489,1.782930489,0.05017,0.104065,0,0,-623099179.6,-495850913,0,-475270283.3,29,41.46383858
1422,0,-495850913,-501107490.7,127248266.6,121991688.9,0.2411981253,0.2312343221,-5256577.727,-0.009963803258,0.7010575511,16.29894245,1,73.61981,0,0,-623099179.6,-495850913,0,-475270283.3,30,41.4936173
1423,0,-495850913,-495759177.5,127248266.6,127340002.1,0.2411981253,0.2413720092,91735.47637,0.0001738839005,2.018931814,2.018931814,0.05309,0.15078,0,0,-623099179.6,-495850913,0,-475270283.3,31,41.51235938
1424,0,-495850913,-507339928,127248266.6,115759251.6,0.2411981253,0.2194207845,-11489014.97,-0.02177734084,1.69159845,25.30840155,1,110.70737,0,0,-623099179.6,-495850913,0,-475270283.3,32,41.54908538
1425,0,-502274842.6,-499552252.7,120824337,123546926.9,0.2290216155,0.2341822639,2722589.828,0.005160648392,1.913640994,1.913640994,0.04826,0.139365,0,0,-623099179.6,-495850913,0,-475270283.3,33,41.60812259
1426,0,-499555917.1,-497722380,123543262.5,125376799.6,0.2341753182,0.2376507738,1833537.061,0.003475455609,0.7297971375,10.27020286,1,25.8347,0,0,-623099179.6,-495850913,0,-475270283.3,34,41.62496829
1427,0,-495850913,-491365340.9,127248266.6,131733838.7,0.2411981253,0.2497004933,4485572.106,0.008502367945,2.52475024,2.52475024,0.05309,0.158215,0,0,-623099179.6,-495850913,0,-475270283.3,35,41.6428566
1428,0,-495850913,-491024459.4,127248266.6,132074720.2,0.2411981253,0.2503466316,4826453.624,0.00914850628,1.546542371,1.546542371,0.05044,0.119295,0,0,-623099179.6,-495850913,0,-475270283.3,36,41.66887712
1429,0,-495850913,-529306336.1,127248266.6,93792843.52,0.2411981253,0.1777836243,-33455423.06,-0.06341450096,1.274399754,16.72560025,1,81.03495,0,0,-623099179.6,-495850913,0,-475270283.3,37,41.68584251
1430,0,-513362219.2,-514601331.5,109736960.4,108497848.1,0.2080055771,0.2056568491,-1239112.352,-0.002348728077,1.656167627,1.656167627,0.06744,0.198815,0,0,-623099179.6,-495850913,0,-475270283.3,38,41.7104888
1431,0,-514716603.7,-483737491.9,108382575.9,139361687.6,0.2054383516,0.2641590232,30979111.71,0.05872067155,1.33724167,23.66275833,1,67.67903,0,0,-623099179.6,-495850913,0,-475270283.3,39,41.72761083
1432,0,-495850913,-490886153.2,127248266.6,132213026.4,0.2411981253,0.2506087899,4964759.818,0.009410664623,2.955646018,2.955646018,0.13912,0.23501,0,0,-623099179.6,-495850913,0,-475270283.3,40,41.77545524
1433,0,-495850913,-511571409,127248266.6,111527770.6,0.2411981253,0.2114000442,-15720496.01,-0.0297980811,1.883523293,13.11647671,1,13.373795,0,0,-623099179.6,-495850913,0,-475270283.3,41,41.8463378
1434,0,-505338999.4,-498557327,117760180.2,124541852.6,0.2232135295,0.236068138,6781672.335,0.01285460854,2.022560007,2.022560007,0.027245,0.059315,0,0,-623099179.6,-495850913,0,-475270283.3,42,41.9157567
1435,0,-498278194.1,-502922645.6,124820985.5,120176534,0.2365972323,0.2277937098,-4644451.423,-0.008803522488,0.4160965551,9.583903445,1,28.25556,0,0,-623099179.6,-495850913,0,-475270283.3,43,41.93302488
1436,0,-502011378.1,-506151987.5,121087801.4,116947192.1,0.2295210103,0.2216725167,-4140609.306,-0.007848493571,1.21804295,1.21804295,0.05769,0.1028,0,0,-623099179.6,-495850913,0,-475270283.3,44,41.94918013
1437,0,-505194896.6,-507996250,117904283,115102929.6,0.2234866751,0.218176731,-2801353.393,-0.005309944135,0.6523763399,17.34762366,1,107.642545,0,0,-623099179.6,-495850913,0,-475270283.3,45,41.96873784
1438,0,-496423821.7,-495413535.3,126675357.9,127685644.3,0.2401121813,0.2420271715,1010286.402,0.001914990221,1.142069766,1.142069766,0.02565,0.053995,0,0,-623099179.6,-495850913,0,-475270283.3,46,41.985708
1439,0,-496483623.3,-494670549.3,126615556.3,128428630.3,0.2399988277,0.2434354958,1813073.995,0.003436668021,0.3696620609,27.63033794,1,159.44871,0,0,-623099179.6,-495850913,0,-475270283.3,47,42.0032084
1440,0,-501587806.3,-499670940.4,121511373.3,123428239.2,0.2303238875,0.2339572924,1916865.956,0.003633404899,0.7822042014,0.7822042014,0.09343,0.127095,0,0,-623099179.6,-495850913,0,-475270283.3,48,42.01972342
1441,0,-501584286.2,-495290775.8,121514893.4,127808403.8,0.2303305599,0.2422598611,6293510.368,0.01192930122,0.7764984957,16.2235015,1,86.18665,0,0,-623099179.6,-495850913,0,-475270283.3,49,42.03626466
1442,0,-492233508.3,-496576010.8,130865671.3,126523168.8,0.2480548886,0.239823708,-4342502.479,-0.008231180551,1.485915422,1.485915422,0.20354,0.3385,0,0,-623099179.6,-491038503.5,0,-475270283.3,0,42.0526495
1443,0,-495850913,-495651490.5,127248266.6,127447689.1,0.2411981253,0.2415761291,199422.4682,0.0003780037776,0.877208866,0.877208866,0.027245,0.033665,0,0,-623099179.6,-495850913,0,-475270283.3,1,42.06922197
1444,0,-495850913,-504115630.8,127248266.6,118983548.8,0.2411981253,0.2255324153,-8264717.807,-0.01566570999,0.2982446224,27.70175538,1,161.86489,0,0,-623099179.6,-495850913,0,-475270283.3,2,42.09003687
1445,0,-495850913,-653616497.2,127248266.6,-30517317.64,0.2411981253,-0.05784534439,-157765584.2,-0.2990434697,2.164284028,364.0064721,1.95962,2369.686535,0,0,-623099179.6,-495850913,0,-475270283.3,3,42.10746121
1446,0,-495850913,-502531795.4,127248266.6,120567384.2,0.2411981253,0.2285345634,-6680882.358,-0.0126635619,10.67139884,10.67139884,0.47685,0.843585,0,0,-623099179.6,-495850913,0,-475270283.3,4,42.17287588
1447,0,-495850913,-492460241.6,127248266.6,130638938,0.2411981253,0.2476251173,3390671.441,0.006426992029,3.065870771,3.065870771,0.09524,0.173155,0,0,-623099179.6,-495850913,0,-475270283.3,5,42.33695149
1448,0,-495850913,-497008097.2,127248266.6,126091082.4,0.2411981253,0.2390046914,-1157184.214,-0.002193433912,2.295786929,2.295786929,0.08749,0.188035,0,0,-623099179.6,-495850913,0,-475270283.3,6,42.35985708
1449,0,-495850913,-504399838.5,127248266.6,118699341.1,0.2411981253,0.2249937019,-8548925.468,-0.01620442346,2.161021272,12.83897873,1,29.4047,0,0,-623099179.6,-495850913,0,-475270283.3,7,42.38006496
1450,0,-495850913,-501402547,127248266.6,121696632.6,0.2411981253,0.2306750452,-5551633.964,-0.01052308012,2.205793442,2.205793442,0.09524,0.21085,0,0,-623099179.6,-495850913,0,-475270283.3,8,42.40405941
1451,0,-495850913,-500980920.6,127248266.6,122118258.9,0.2411981253,0.2314742347,-5130007.64,-0.009723890618,1.751125515,1.751125515,0.09524,0.19139,0,0,-623099179.6,-495850913,0,-475270283.3,9,42.4254725
1452,0,-500489763.1,-500508868.8,122609416.5,122590310.8,0.2324052202,0.2323690053,-19105.79119,-3.621488246e-05,1.256473387,1.256473387,0.09524,0.17403,0,0,-623099179.6,-495850913,0,-475270283.3,10,42.44251323
1453,0,-501147239.1,-482051893.6,121951940.5,141047286,0.2311589794,0.2673540621,19095345.48,0.03619508269,1.112872073,22.88712793,1,122.04248,0,0,-623099179.6,-495850913,0,-475270283.3,11,42.45912528
1454,0,-495850913,-491172612.5,127248266.6,131926567.1,0.2411981253,0.2500658085,4678300.52,0.008867683194,2.068106386,2.068106386,0.05596,0.142885,0,0,-623099179.6,-495850913,0,-475270283.3,12,42.47721815
1455,0,-495850913,-517153205.3,127248266.6,105945974.3,0.2411981253,0.2008197917,-21302292.29,-0.04037833366,1.889911249,15.11008875,1,49.411635,0,0,-623099179.6,-495850913,0,-475270283.3,13,42.5048728
1456,0,-514573796.4,-511977573.9,108525383.2,111121605.7,0.2057090417,0.2106301618,2596222.501,0.004921120083,2.823907204,2.823907204,0.09524,0.239095,0,0,-623099179.6,-495850913,0,-475270283.3,14,42.54206705
1457,0,-514144671.6,-523577561.4,108954508,99521618.17,0.2065224444,0.1886424733,-9432889.805,-0.01787997116,1.960237934,11.03976207,1,37.302815,0,0,-623099179.6,-495850913,0,-475270283.3,15,42.55782676
1458,0,-514154213.1,-512711491.2,108944966.5,110387688.4,0.2065043587,0.2092390271,1442721.867,0.00273466837,2.476648162,2.476648162,0.09524,0.212075,0,0,-623099179.6,-495850913,0,-475270283.3,16,42.57438421
1459,0,-513255154.2,-501534146.9,109844025.4,121565032.7,0.208208518,0.2304255985,11721007.25,0.02221708045,1.41246179,27.58753821,1,152.824,0,0,-623099179.6,-495850913,0,-475270283.3,17,42.59280419
1460,0,-496149715.8,-493742155,126949463.8,129357024.6,0.2406317469,0.2451952602,2407560.82,0.004563513295,2.096146804,2.096146804,0.06037,0.156645,0,0,-623099179.6,-495850913,0,-475270283.3,18,42.60924387
1461,0,-495850913,-515460939,127248266.6,107638240.6,0.2411981253,0.2040274695,-19610026.03,-0.03717065579,0.9850571992,27.0149428,1,143.82642,0,0,-623099179.6,-495850913,0,-475270283.3,19,42.62611485
1462,0,-505888156,-505620303.6,117211023.6,117478876,0.2221726073,0.2226803194,267852.3505,0.0005077121012,1.916400546,1.916400546,0.09524,0.248375,0,0,-623099179.6,-495850913,0,-475270283.3,20,42.64439654
1463,0,-506783522.1,-524253896.6,116315657.5,98845283.02,0.2204754475,0.1873604851,-17470374.43,-0.03311496238,1.254060871,15.74593913,1,85.630645,0,0,-623099179.6,-495850913,0,-475270283.3,21,42.66077018
1464,0,-510747442.8,-513622123.3,112351736.8,109477056.3,0.2129618659,0.2075129309,-2874680.465,-0.005448935044,2.680614543,2.680614543,0.08866,0.287325,0,0,-623099179.6,-495850913,0,-475270283.3,22,42.67687464
1465,0,-509711086.3,-509074267.6,113388093.3,114024912,0.2149262718,0.2161333568,636818.6918,0.001207085006,1.750919,1.750919,0.08866,0.177205,0,0,-623099179.6,-495850913,0,-475270283.3,23,42.69588184
1466,0,-507025722.8,-511598356.5,116073456.8,111500823.1,0.220016358,0.2113489654,-4572633.738,-0.008667392609,1.23490881,12.76509119,1,48.21969,0,0,-623099179.6,-495850913,0,-475270283.3,24,42.71231008
1467,0,-503338441.7,-502093955.2,119760737.9,121005224.4,0.2270055714,0.2293644862,1244486.533,0.002358914795,2.363225149,2.363225149,0.07536,0.213505,0,0,-623099179.6,-495850913,0,-475270283.3,25,42.72806406
1468,0,-504081393.4,-506955229.4,119017786.2,116143950.2,0.225597312,0.2201499777,-2873835.954,-0.00544733428,1.075959423,28.92404058,1,161.896655,0,0,-623099179.6,-495850913,0,-475270283.3,26,42.74390173
1469,0,-496719199,-493206170.4,126379980.6,129893009.2,0.2395522958,0.2462112148,3513028.584,0.006658919067,2.087114737,2.087114737,0.08866,0.2096,0,0,-623099179.6,-495850913,0,-475270283.3,27,42.75991273
1470,0,-495850913,-493758856.6,127248266.6,129340323,0.2411981253,0.2451636024,2092056.435,0.003965477123,1.177208144,1.177208144,0.06057,0.171555,0,0,-623099179.6,-495850913,0,-475270283.3,28,42.7766664
1471,0,-495850913,-514627671.2,127248266.6,108471508.3,0.2411981253,0.2056069223,-18776758.24,-0.035591203,1.082221517,25.91777848,1,133.114885,0,0,-623099179.6,-495850913,0,-475270283.3,29,42.7925632
1472,0,-497658108.1,-495187798.7,125441071.5,127911380.9,0.2377726008,0.2424550534,2470309.346,0.004682452651,2.372750703,2.372750703,0.08866,0.22173,0,0,-623099179.6,-495850913,0,-475270283.3,30,42.8104167
1473,0,-496002598.7,-505021725.7,127096580.9,118077453.9,0.2409106062,0.2238149194,-9019126.931,-0.01709568677,1.325658053,18.67434195,1,122.293045,0,0,-623099179.6,-495850913,0,-475270283.3,31,42.82632709
1474,0,-496593818,-500288340.5,126505361.6,122810839.1,0.2397899546,0.2327870151,-3694522.551,-0.007002939507,1.566735272,1.566735272,0.10278,0.23851,0,0,-623099179.6,-495850913,0,-475270283.3,32,42.84184575
1475,0,-497141737.2,-500462302.3,125957442.4,122636877.3,0.2387513779,0.2324572718,-3320565.167,-0.006294106118,1.185164224,22.81483578,1,126.894335,0,0,-623099179.6,-495850913,0,-475270283.3,33,42.85739732
1476,0,-497322263.6,-502162295.6,125776916,120936884,0.2384091914,0.2292349475,-4840031.989,-0.009174243968,1.96210499,1.96210499,0.07997,0.25866,0,0,-623099179.6,-495850913,0,-475270283.3,34,42.87337732
1477,0,-502969658,-505306087.3,120129521.6,117793092.3,0.2277045982,0.223275914,-2336429.362,-0.004428684156,1.134120468,1.134120468,0.06037,0.110985,0,0,-623099179.6,-495850913,0,-475270283.3,35,42.88957286
1478,0,-504401885.5,-496072967.5,118697294.1,127026212.1,0.2249898217,0.2407772226,8328918.011,0.01578740099,0.6920963424,22.30790366,1,124.10358,0,0,-623099179.6,-495850913,0,-475270283.3,36,42.90564251
1479,0,-503396771,-503885386.2,119702408.6,119213793.4,0.2268950087,0.2259688422,-488615.256,-0.0009261665161,2.156489191,2.156489191,0.08866,0.14462,0,0,-623099179.6,-495850913,0,-475270283.3,37,42.92147541
1480,0,-503078213.3,-509092914.5,120020966.3,114006265.1,0.2274988323,0.2160980118,-6014701.192,-0.01140082054,1.000525588,27.99947441,1,170.3493,0,0,-623099179.6,-495850913,0,-475270283.3,38,42.93726397
1481,0,-500614702.3,-496733719.6,122484477.3,126365459.9,0.2321683988,0.239524772,3880982.674,0.007356373258,1.531089886,1.531089886,0.09524,0.179075,0,0,-623099179.6,-495850913,0,-475270283.3,39,42.95318651
1482,0,-498262270.1,-505756244.5,124836909.5,117342935.1,0.2366274163,0.2224226445,-7493974.418,-0.01420477174,1.023344572,18.97665543,1,122.51788,0,0,-623099179.6,-495850913,0,-475270283.3,40,42.96901417
1483,0,-499645517.9,-504797201.1,123453661.7,118301978.5,0.2340054806,0.2242405039,-5151683.283,-0.009764976635,3.218758833,3.218758833,0.18214,0.35883,0,0,-623099179.6,-495850913,0,-475270283.3,41,42.9847641
1484,0,-501549067,-502912676.8,121550112.6,120186502.8,0.2303973177,0.2278126055,-1363609.856,-0.002584712151,1.725594396,22.2744056,1,126.358905,0,0,-623099179.6,-495850913,0,-475270283.3,42,43.00047135
1485,0,-497736145.7,-494752091.4,125363033.9,128347088.2,0.2376246811,0.2432809334,2984054.305,0.005656252328,1.608411368,1.608411368,0.08311,0.166945,0,0,-623099179.6,-495850913,0,-475270283.3,43,43.01611304
1486,0,-495850913,-495963275.2,127248266.6,127135904.4,0.2411981253,0.2409851436,-112362.2064,-0.000212981711,0.9661781985,21.0338218,1,123.13578,0,0,-623099179.6,-495850913,0,-475270283.3,44,43.03233957
1487,0,-498651636,-494901706.1,124447543.6,128197473.5,0.2358893761,0.2429973398,3749929.846,0.007107963614,3.319611808,3.319611808,0.27642,0.3983,0,0,-623099179.6,-495850913,0,-475270283.3,45,43.04827738
1488,0,-496839627.9,-502380824.3,126259551.7,120718355.3,0.2393240237,0.228820728,-5541196.378,-0.01050329576,2.423451313,21.57654869,1,119.424185,0,0,-623099179.6,-495850913,0,-475270283.3,46,43.06411815
1489,0,-495850913,-498820403.3,127248266.6,124278776.2,0.2411981253,0.2355694789,-2969490.341,-0.005628646445,1.960918572,1.960918572,0.050615,0.083835,0,0,-623099179.6,-495850913,0,-475270283.3,47,43.08138037
1490,0,-499206167.4,-496188745.9,123893012.2,126910433.7,0.2348382661,0.2405577657,3017421.496,0.005719499586,0.5664484343,10.43355157,1,35.266825,0,0,-623099179.6,-495850913,0,-475270283.3,48,43.10164356
1491,0,-497438654.5,-494199405.2,125660525.1,128899774.4,0.2381885733,0.2443285458,3239249.289,0.006139972488,2.117903261,2.117903261,0.08866,0.20499,0,0,-623099179.6,-495850913,0,-475270283.3,49,43.11734056
1492,0,-495407087.2,-497643654.8,127692092.4,125455524.8,0.2420393937,0.2377999969,-2236567.527,-0.004239396804,1.25046728,13.74953272,1,71.374385,0,0,-623099179.6,-491072516.6,0,-475270283.3,0,43.1332531
1493,0,-495850913,-733936123.5,127248266.6,-110836943.9,0.2411981253,-0.2100905875,-238085210.5,-0.4512887128,1.425881834,332.629485,1.14892,2252.953225,0,0,-623099179.6,-495850913,0,-475270283.3,1,43.14897442
1494,0,-495850913,-492107785.2,127248266.6,130991394.4,0.2411981253,0.2482931957,3743127.787,0.007095070363,8.144027844,8.144027844,0.09112,0.20045,0,0,-623099179.6,-495850913,0,-475270283.3,2,43.23791003
1495,0,-495850913,-492460189.5,127248266.6,130638990.1,0.2411981253,0.2476252161,3390723.541,0.006427090784,2.644239764,2.644239764,0.05388,0.12577,0,0,-623099179.6,-495850913,0,-475270283.3,3,43.45008302
1496,0,-495850913,-502783592.2,127248266.6,120315587.4,0.2411981253,0.2280572844,-6932679.216,-0.01314084093,1.685028592,21.31497141,1,99.608355,0,0,-623099179.6,-495850913,0,-475270283.3,4,43.4826901
1497,0,-502292783.3,-502065110.8,120806396.3,121034068.8,0.228987609,0.2294191604,227672.4789,0.0004315514589,1.536627582,1.536627582,0.05846,0.09549,0,0,-623099179.6,-495850913,0,-475270283.3,5,43.52580237
1498,0,-501859473.9,-504598635.8,121239705.7,118500543.7,0.2298089437,0.2246168829,-2739161.954,-0.005192060733,0.6353633024,22.3646367,1,119.280925,0,0,-623099179.6,-495850913,0,-475270283.3,6,43.54407501
1499,0,-502806899.9,-506834678.1,120292279.7,116264501.5,0.2280131048,0.2203784819,-4027778.128,-0.007634622927,2.130726754,2.130726754,0.08385,0.18033,0,0,-623099179.6,-495850913,0,-475270283.3,7,43.56086636
1500,0,-504055766.4,-506493796.5,119043413.2,116605383.1,0.225645888,0.2210246202,-2438030.18,-0.004621267736,0.8931698549,0.8931698549,0.06133,0.13351,0,0,-623099179.6,-495850913,0,-475270283.3,8,43.57726669
1501,0,-504055766.4,-503307261.4,119043413.2,119791918.2,0.225645888,0.2270646734,748504.9213,0.001418785408,0.8931698549,15.10683015,1,84.114635,0,0,-623099179.6,-495850913,0,-475270283.3,9,43.59091282
1502,0,-501624818.9,-501696954,121474360.7,121402225.6,0.2302537304,0.2301169989,-72135.0999,-0.0001367315354,1.007534221,1.007534221,0.08385,0.08385,0,0,-623099179.6,-495850913,0,-475270283.3,10,43.60703826
1503,0,-501470396.1,-501356072.5,121628783.5,121743107.1,0.2305464376,0.2307631372,114323.6443,0.0002166996017,0.3386741268,0.3386741268,0.03703,0.03703,0,0,-623099179.6,-495850913,0,-475270283.3,11,43.62284231
1504,0,-501470396.1,-497503156.3,121628783.5,125596023.3,0.2305464376,0.2380663107,3967239.826,0.007519873035,0.3386741268,18.66132587,1,122.20956,0,0,-623099179.6,-495850913,0,-475270283.3,12,43.63649583
1505,0,-501453237.7,-629160345.7,121645941.9,-6061166.087,0.2305789613,-0.0114888944,-127707108,-0.2420678557,1.049709261,334.4555248,1.84682,2049.46178,0,0,-623099179.6,-495850913,0,-475270283.3,13,43.6523726
1506,0,-495850913,-491905481.1,127248266.6,131193698.5,0.2411981253,0.2486766615,3945431.862,0.007478536205,3.412878203,3.412878203,0.121175,0.22966,0,0,-623099179.6,-495850913,0,-475270283.3,14,43.74344039
1507,0,-495850913,-483695133,127248266.6,139404046.6,0.2411981253,0.2642393142,12155779.98,0.02304118885,2.121307292,17.87869271,1,56.70202,0,0,-623099179.6,-495850913,0,-475270283.3,15,43.92272472
1508,0,-495850913,-500300030.3,127248266.6,122799149.3,0.2411981253,0.2327648571,-4449117.323,-0.008433268181,2.857853274,2.857853274,0.070235,0.241835,0,0,-623099179.6,-495850913,0,-475270283.3,16,43.94317484
1509,0,-500495368.3,-500067658.9,122603811.3,123031520.7,0.2323945955,0.2332053153,427709.3664,0.0008107198637,1.478663329,1.478663329,0.0697,0.161885,0,0,-623099179.6,-495850913,0,-475270283.3,17,43.96414995
1510,0,-500141391.8,-499430030.6,122957787.8,123669149,0.2330655553,0.234413935,711361.1901,0.001348379747,1.043381945,1.043381945,0.0697,0.149715,0,0,-623099179.6,-495850913,0,-475270283.3,18,43.98051453
1511,0,-500116585.9,-497291314.3,122982593.6,125807865.3,0.2331125746,0.2384678555,2825271.611,0.005355280936,1.004478633,13.99552137,1,64.836105,0,0,-623099179.6,-495850913,0,-475270283.3,19,43.99613953
1512,0,-499765009.8,-498885429.3,123334169.8,124213750.3,0.2337789845,0.2354462227,879580.5031,0.00166723818,1.578752725,1.578752725,0.0697,0.14383,0,0,-623099179.6,-495850913,0,-475270283.3,20,44.01216984
1513,0,-500047967.7,-497527936.8,123051211.9,125571242.8,0.2332426399,0.2380193395,2520030.956,0.004776699586,1.236030761,20.76396924,1,105.82371,0,0,-623099179.6,-495850913,0,-475270283.3,21,44.02881694
1514,0,-497693429.5,-500772082.1,125405750,122327097.5,0.2377056492,0.2318700865,-3078652.583,-0.005835562647,1.640459584,1.640459584,0.070235,0.210895,0,0,-623099179.6,-495850913,0,-475270283.3,22,44.04488206
1515,0,-496633053.9,-493790835.9,126466125.7,129308343.7,0.2397155832,0.2451029859,2842217.967,0.005387402624,1.112123102,1.112123102,0.0697,0.1247,0,0,-623099179.6,-495850913,0,-475270283.3,23,44.06090117
1516,0,-495850913,-509188491,127248266.6,113910688.6,0.2411981253,0.2159168473,-13337577.95,-0.02528127797,0.9177543975,29.0822456,1,148.345025,0,0,-623099179.6,-495850913,0,-475270283.3,24,44.07824111
1517,0,-501043437.4,-498912161.4,122055742.2,124187018.2,0.2313557347,0.2353955522,2131275.99,0.004039817492,3.001929624,3.001929624,0.070235,0.268065,0,0,-623099179.6,-495850913,0,-475270283.3,25,44.10013723
1518,0,-500668590.6,-498679790,122430589,124419389.6,0.232066254,0.2358360104,1988800.572,0.003769756417,1.766758399,1.766758399,0.0697,0.210175,0,0,-623099179.6,-495850913,0,-475270283.3,26,44.12033844
1519,0,-500714122.4,-498042161.7,122385057.2,125057017.9,0.2319799487,0.2370446301,2671960.756,0.005064681371,1.696172211,1.696172211,0.0697,0.198005,0,0,-623099179.6,-495850913,0,-475270283.3,27,44.13670707
1520,0,-500578655.9,-504378942.6,122520523.7,118720237,0.2322367245,0.2250333098,-3800286.74,-0.007203414726,1.483718431,12.51628157,1,56.685655,0,0,-623099179.6,-495850913,0,-475270283.3,28,44.15240169
1521,0,-504922243.8,-505032687.6,118176935.8,118066492,0.2240034864,0.2237941411,-110443.7727,-0.0002093453345,2.178675452,2.178675452,0.05619,0.21495,0,0,-623099179.6,-495850913,0,-475270283.3,29,44.16897559
1522,0,-504899365.7,-500000507.1,118199813.9,123098672.5,0.2240468518,0.2333326011,4898858.615,0.009285749393,1.641447248,18.35855275,1,93.927985,0,0,-623099179.6,-495850913,0,-475270283.3,30,44.18504333
1523,0,-499254337.7,-500027201.7,123844841.9,123071977.9,0.2347469596,0.2332820017,-772864.0169,-0.001464957889,2.338580856,2.338580856,0.070235,0.282065,0,0,-623099179.6,-495850913,0,-475270283.3,31,44.20232821
1524,0,-501088897.5,-499794830.3,122010282.1,123304349.3,0.2312695654,0.2337224599,1294067.178,0.002452894533,1.977361855,1.977361855,0.0697,0.224175,0,0,-623099179.6,-495850913,0,-475270283.3,32,44.21915364
1525,0,-501834190.1,-499157202,121264989.5,123941977.6,0.229856869,0.2349310796,2676988.071,0.005074210608,1.777515986,1.777515986,0.0697,0.22271,0,0,-623099179.6,-495850913,0,-475270283.3,33,44.23550248
1526,0,-501698723.5,-502684893.5,121400456.1,120414286.1,0.2301136448,0.228244367,-986169.998,-0.00186927776,1.565062205,9.434937795,1,20.790035,0,0,-623099179.6,-495850913,0,-475270283.3,34,44.25109839
1527,0,-505726485.1,-506285323.4,117372694.5,116813856.2,0.2224790532,0.2214197795,-558838.2826,-0.001059273731,1.820714645,1.820714645,0.05619,0.142655,0,0,-623099179.6,-495850913,0,-475270283.3,35,44.26695633
1528,0,-505703607,-498520352.5,117395572.6,124578827.1,0.2225224185,0.236138223,7183254.463,0.01361580442,1.283486441,20.71651356,1,111.438995,0,0,-623099179.6,-495850913,0,-475270283.3,36,44.28315806
1529,0,-499254337.7,-700103493.5,123844841.9,-77004313.92,0.2347469596,-0.1459610937,-200849155.8,-0.3807080532,2.338580856,344.311338,1.33926,2267.34983,0,0,-623099179.6,-495850913,0,-475270283.3,37,44.29969621
1530,0,-497832369.7,-501534109,125266809.9,121565070.6,0.2374422892,0.2304256703,-3701739.368,-0.007016618929,10.71440062,10.71440062,0.137185,0.417215,0,0,-623099179.6,-495850913,0,-475270283.3,38,44.39816856
1531,0,-495999055.8,-498463132.7,127100123.8,124636046.9,0.2409173218,0.2362466826,-2464076.939,-0.00467063917,2.003528318,2.003528318,0.12246,0.32031,0,0,-623099179.6,-495850913,0,-475270283.3,39,44.56570721
1532,0,-495850913,-493871519.5,127248266.6,129227660.1,0.2411981253,0.2449500508,1979393.535,0.003751925451,1.131504438,1.131504438,0.05055,0.106635,0,0,-623099179.6,-495850913,0,-475270283.3,40,44.58382487
1533,0,-495850913,-540344133.5,127248266.6,82755046.07,0.2411981253,0.1568615629,-44493220.52,-0.08433656242,1.110617908,20.88938209,1,57.596515,0,0,-623099179.6,-495850913,0,-475270283.3,41,44.60190082
1534,0,-506020395.4,-498025837.8,117078784.2,125073341.8,0.2219219484,0.2370755718,7994557.641,0.01515362344,3.06056193,3.06056193,0.09146,0.21132,0,0,-623099179.6,-495850913,0,-475270283.3,42,44.63117599
1535,0,-496943737.8,-490535475.9,126155441.8,132563703.7,0.2391266843,0.2512734961,6408261.886,0.01214681186,1.745176685,11.25482332,1,25.247415,0,0,-623099179.6,-495850913,0,-475270283.3,43,44.65641904
1536,0,-495850913,-495720724.3,127248266.6,127378455.3,0.2411981253,0.241444897,130188.673,0.0002467716433,2.58629118,2.58629118,0.051595,0.150595,0,0,-623099179.6,-495850913,0,-475270283.3,44,44.67377901
1537,0,-496242809.5,-490444182.6,126856370,132654997,0.2404552884,0.2514465418,5798626.933,0.01099125342,1.880494868,26.11950513,1,122.84067,0,0,-623099179.6,-495850913,0,-475270283.3,45,44.70593572
1538,0,-495850913,-501784440.1,127248266.6,121314739.5,0.2411981253,0.2299511697,-5933527.075,-0.01124695562,3.021860792,3.021860792,0.091885,0.164915,0,0,-623099179.6,-495850913,0,-475270283.3,46,44.72538972
1539,0,-501076514.7,-501375273,122022664.9,121723906.5,0.2312930369,0.2307267427,-298758.338,-0.0005662941664,1.109846807,1.109846807,0.05055,0.12148,0,0,-623099179.6,-495850913,0,-475270283.3,47,44.74707723
1540,0,-502036036,-489948523.3,121063143.6,133150656.2,0.2294742716,0.2523860602,12087512.62,0.0229117886,0.8871313424,18.11286866,1,94.403375,0,0,-623099179.6,-495850913,0,-475270283.3,48,44.76281714
1541,0,-498905791,-500245219,124193388.6,122853960.6,0.2354076272,0.2328687516,-1339428.03,-0.002538875684,1.783337756,1.783337756,0.051595,0.133775,0,0,-623099179.6,-495850913,0,-475270283.3,49,44.77882457
1542,0,-501447323.4,-500832160.6,121651856.2,122267019,0.2305901717,0.2317562082,615162.8027,0.001166036432,1.336725255,19.66327474,1,119.43685,0,0,-623099179.6,-489267143.5,0,-475270283.3,0,44.79580092
1543,0,-499151709.1,-501607536.9,123947470.5,121491642.7,0.2349414914,0.2302864884,-2455827.808,-0.004655003005,2.090407927,2.090407927,0.06735,0.150595,0,0,-623099179.6,-495850913,0,-475270283.3,1,44.81182599
1544,0,-499487414.7,-501054850.7,123611764.9,122044328.9,0.2343051638,0.2313341008,-1567436.004,-0.002971063072,1.607460618,1.607460618,0.120305,0.20355,0,0,-623099179.6,-495850913,0,-475270283.3,2,44.82865691
1545,0,-499972633,-500417222.4,123126546.6,122681957.2,0.2333854363,0.2325427204,-444589.4324,-0.0008427159011,0.9716945262,0.9716945262,0.05055,0.114875,0,0,-623099179.6,-495850913,0,-475270283.3,3,44.8448565
1546,0,-499972633,-488061243.8,123126546.6,135037935.8,0.2333854363,0.2559633843,11911389.18,0.02257794795,0.9716945262,21.02830547,1,121.662175,0,0,-623099179.6,-495850913,0,-475270283.3,4,44.85665035
1547,0,-496935671.5,-496176907,126163508.1,126922272.6,0.2391419739,0.2405802061,758764.4324,0.001438232233,1.994870327,1.994870327,0.08033,0.214105,0,0,-623099179.6,-495850913,0,-475270283.3,5,44.87253165
1548,0,-497525908.6,-498025732.4,125573271,125073447.2,0.2380231838,0.2370757716,-499823.7635,-0.0009474121572,1.722593254,20.27740675,1,121.02578,0,0,-623099179.6,-495850913,0,-475270283.3,6,44.88940859
1549,0,-495850913,-554469654.6,127248266.6,68629524.97,0.2411981253,0.1300867446,-58618741.62,-0.1111113807,2.719604598,340.6412021,1.93469,2314.85646,0,0,-623099179.6,-495850913,0,-475270283.3,7,44.90575051
1550,0,-495850913,-503948374.2,127248266.6,119150805.4,0.2411981253,0.2258494489,-8097461.224,-0.01534867641,4.84128611,4.84128611,0.20027,0.20711,0,0,-623099179.6,-495850913,0,-475270283.3,8,44.97527361
1551,0,-502847050.2,-503223684.7,120252129.4,119875494.9,0.2279370003,0.2272230924,-376634.4953,-0.0007139078325,1.319858935,1.319858935,0.088915,0.14781,0,0,-623099179.6,-495850913,0,-475270283.3,9,45.19898391
1552,0,-502847050.2,-491635949.4,120252129.4,131463230.2,0.2279370003,0.2491875569,11211100.83,0.02125055669,1.319858935,19.68014106,1,121.96992,0,0,-623099179.6,-495850913,0,-475270283.3,10,45.21077585
1553,0,-495850913,-491563476.6,127248266.6,131535703,0.2411981253,0.2493249285,4287436.412,0.008126803239,1.784649225,1.784649225,0.067485,0.173485,0,0,-623099179.6,-495850913,0,-475270283.3,11,45.22926831
1554,0,-495850913,-508298037.1,127248266.6,114801142.5,0.2411981253,0.2176046959,-12447124.1,-0.02359342943,1.784649225,23.21535077,1,147.086795,0,0,-623099179.6,-495850913,0,-475270283.3,12,45.24673796
1555,0,-501470902.4,-502542203,121628277.2,120556976.6,0.230545478,0.2285148358,-1071300.604,-0.002030642179,2.302925836,2.302925836,0.052055,0.105515,0,0,-623099179.6,-495850913,0,-475270283.3,13,45.26786518
1556,0,-501178879.9,-492152547.8,121920299.7,130946631.7,0.2310990044,0.2482083484,9026332.048,0.01710934402,1.207511079,9.792488921,1,34.54657,0,0,-623099179.6,-495850913,0,-475270283.3,14,45.28739762
1557,0,-495850913,-501328940,127248266.6,121770239.6,0.2411981253,0.2308145667,-5478026.957,-0.0103835586,2.482418498,2.482418498,0.108675,0.18497,0,0,-623099179.6,-495850913,0,-475270283.3,15,45.30486083
1558,0,-499497202.1,-500573509.4,123601977.5,122525670.2,0.2342866119,0.2322464796,-1076307.3,-0.002040132333,1.113073296,1.113073296,0.052055,0.115985,0,0,-623099179.6,-495850913,0,-475270283.3,16,45.3257823
1559,0,-499822502.9,-500401506,123276676.7,122697673.6,0.2336700068,0.2325725107,-579003.1379,-0.001097496061,1.030771952,1.030771952,0.052055,0.077975,0,0,-623099179.6,-495850913,0,-475270283.3,17,45.34301305
1560,0,-499770695.7,-487418218.9,123328483.9,135680960.7,0.233768207,0.2571822331,12352476.76,0.02341402611,0.7295730834,21.27042692,1,124.230705,0,0,-623099179.6,-495850913,0,-475270283.3,18,45.35891509
1561,0,-495850913,-496100822.7,127248266.6,126998356.9,0.2411981253,0.2407244234,-249909.6634,-0.0004737018736,2.463921702,2.463921702,0.052055,0.160775,0,0,-623099179.6,-495850913,0,-475270283.3,19,45.37647986
1562,0,-496449578.9,-494258787.5,126649600.7,128840392.1,0.2400633586,0.2442159872,2190791.413,0.004152628526,1.485381993,16.51461801,1,75.30011,0,0,-623099179.6,-495850913,0,-475270283.3,20,45.40019536
1563,0,-495850913,-493945031.2,127248266.6,129154148.4,0.2411981253,0.2448107099,1905881.815,0.003612584541,2.355850989,2.355850989,0.13439,0.27444,0,0,-623099179.6,-495850913,0,-475270283.3,21,45.41756034
1564,0,-495850913,-510717167.6,127248266.6,112382012,0.2411981253,0.2130192524,-14866254.57,-0.02817887292,1.920846019,24.07915398,1.00473,77.26208,0,0,-623099179.6,-495850913,0,-475270283.3,22,45.4401648
1565,0,-496417573.9,-496374432.5,126681605.7,126724747.1,0.2401240239,0.240205798,43141.33725,8.177407792e-05,2.696732367,2.696732367,0.052055,0.118835,0,0,-623099179.6,-495850913,0,-475270283.3,23,45.48098469
1566,0,-495850913,-483004366.9,127248266.6,140094812.7,0.2411981253,0.2655486562,12846546.14,0.02435053088,1.330963629,25.66903637,1.0196,121.93533,0,0,-623099179.6,-495850913,0,-475270283.3,24,45.49994683
1567,0,-495850913,-494720453.9,127248266.6,128378725.7,0.2411981253,0.243340902,1130459.09,0.002142776641,1.76008718,1.76008718,0.031945,0.09686,0,0,-623099179.6,-495850913,0,-475270283.3,25,45.51903152
1568,0,-495850913,-535621254.9,127248266.6,87477924.69,0.2411981253,0.1658137435,-39770341.89,-0.07538438177,0.9162473839,20.08375262,1,58.78125,0,0,-623099179.6,-495850913,0,-475270283.3,26,45.54383612
1569,0,-501319388.5,-499913937.4,121779791.1,123185242.2,0.2308326714,0.2334966934,1405451.167,0.00266402204,2.324935215,2.324935215,0.052055,0.188595,0,0,-623099179.6,-495850913,0,-475270283.3,27,45.5802474
1570,0,-499348272.1,-501957502.5,123750907.5,121141677.1,0.2345689077,0.2296231311,-2609230.456,-0.004945776562,1.559119095,17.4408809,1,90.538165,0,0,-623099179.6,-495850913,0,-475270283.3,28,45.59868979
1571,0,-495850913,-494429617.9,127248266.6,128669561.7,0.2411981253,0.2438921793,1421295.065,0.002694054029,3.199473809,3.199473809,0.049275,0.096455,0,0,-623099179.6,-495850913,0,-475270283.3,29,45.61652207
1572,0,-495850913,-495382112.4,127248266.6,127717067.2,0.2411981253,0.2420867334,468800.6286,0.0008886080399,1.421039845,1.421039845,0.11878,0.13894,0,0,-623099179.6,-495850913,0,-475270283.3,30,45.64347053
1573,0,-495850913,-494829426.2,127248266.6,128269753.4,0.2411981253,0.2431343458,1021486.776,0.001936220445,1.022312648,1.022312648,0.052055,0.072215,0,0,-623099179.6,-495850913,0,-475270283.3,31,45.66422272
1574,0,-495850913,-515732187.4,127248266.6,107366992.2,0.2411981253,0.2035133203,-19881274.39,-0.03768480499,0.6805994653,15.31940053,1,52.430035,0,0,-623099179.6,-495850913,0,-475270283.3,32,45.68224597
1575,0,-502372306.7,-493307218.6,120726872.9,129791961,0.2288368729,0.2460196787,9065088.115,0.01718280585,3.46857945,3.46857945,0.14178,0.20127,0,0,-623099179.6,-495850913,0,-475270283.3,33,45.70022035
1576,0,-496203661,-497855074.3,126895518.6,125244105.3,0.2405294942,0.2373992528,-1651413.329,-0.003130241453,0.8156737492,0.8156737492,0.052055,0.079575,0,0,-623099179.6,-495850913,0,-475270283.3,34,45.7174468
1577,0,-498209363.8,-491707223.1,124889815.8,131391956.5,0.2367276997,0.2490524581,6502140.644,0.01232475833,0.67114453,26.32885547,1,137.435735,0,0,-623099179.6,-495850913,0,-475270283.3,35,45.73305082
1578,0,-495850913,-498586130.9,127248266.6,124513048.7,0.2411981253,0.2360135404,-2735217.933,-0.00518458487,1.75376552,1.75376552,0.052055,0.092385,0,0,-623099179.6,-495850913,0,-475270283.3,36,45.75100565
1579,0,-497486653.4,-492149572.8,125612526.2,130949606.8,0.2380975917,0.2482139876,5337080.596,0.01011639584,0.7829539042,17.2170461,1,94.590245,0,0,-623099179.6,-495850913,0,-475270283.3,37,45.77566099
1580,0,-495850913,-492492702.7,127248266.6,130606476.9,0.2411981253,0.2475635875,3358210.278,0.00636546214,1.929617739,1.929617739,0.12936,0.18885,0,0,-623099179.6,-495850913,0,-475270283.3,38,45.79191542
1581,0,-495850913,-506456918,127248266.6,116642261.6,0.2411981253,0.2210945232,-10606004.97,-0.02010360206,1.154097523,9.845902477,1,24.25835,0,0,-623099179.6,-495850913,0,-475270283.3,39,45.80923557
1582,0,-502665363.2,-504834806.6,120433816.4,118264373,0.2282813865,0.224169223,-2169443.415,-0.004112163558,3.198851926,3.198851926,0.05361,0.148165,0,0,-623099179.6,-495850913,0,-475270283.3,40,45.82761765
1583,0,-506326480.2,-495190080.7,116772699.4,127909098.9,0.2213417671,0.242450728,11136399.5,0.02110896088,1.329698581,28.67030142,1.01358,151.7683,0,0,-623099179.6,-495850913,0,-475270283.3,41,45.8460319
1584,0,-495850913,-511354537.8,127248266.6,111744641.8,0.2411981253,0.2118111219,-15503624.81,-0.02938700337,4.654353349,4.654353349,0.159235,0.33929,0,0,-623099179.6,-495850913,0,-475270283.3,42,45.86380196
1585,0,-501587450.2,-500888890.5,121511729.4,122210289.1,0.2303245625,0.2316486771,698559.6488,0.001324114522,2.622862558,2.622862558,0.052055,0.092385,0,0,-623099179.6,-495850913,0,-475270283.3,43,45.88320255
1586,0,-499789413,-501395956,123309766.6,121703223.6,0.2337327284,0.2306875384,-1606542.94,-0.003045189973,0.7829539042,20.2170461,1,121.65732,0,0,-623099179.6,-495850913,0,-475270283.3,44,45.90134668
1587,0,-496477876.3,-493109169.3,126621303.3,129990010.3,0.2400097211,0.2463950798,3368707.052,0.006385358697,2.308985718,2.308985718,0.14178,0.25622,0,0,-623099179.6,-495850913,0,-475270283.3,45,45.91740656
1588,0,-495850913,-497657024.9,127248266.6,125442154.7,0.2411981253,0.2377746538,-1806111.932,-0.003423471485,1.57957467,1.57957467,0.057405,0.171845,0,0,-623099179.6,-495850913,0,-475270283.3,46,45.9343636
1589,0,-498810639,-500800816.7,124288540.6,122298362.9,0.2355879871,0.2318156204,-1990177.714,-0.00377236678,1.483141673,1.483141673,0.05397,0.147335,0,0,-623099179.6,-495850913,0,-475270283.3,47,45.94998598
1590,0,-499470558.4,-481039700.2,123628621.2,142059479.4,0.2343371149,0.269272667,18430858.17,0.03493555204,1.336751901,24.6632481,1.05247,121.757635,0,0,-623099179.6,-495850913,0,-475270283.3,48,45.96576715
1591,0,-495850913,-495332363.7,127248266.6,127766815.9,0.2411981253,0.2421810316,518549.3362,0.0009829063383,1.406993507,1.406993507,0.054855,0.114345,0,0,-623099179.6,-495850913,0,-475270283.3,49,45.98333168
1592,0,-493830824.2,-487063136.6,129268355.4,136036043,0.2450271883,0.2578552888,6767687.562,0.0128281005,0.9746271171,22.02537288,1.06049,130.80075,0,0,-623099179.6,-480247498.9,0,-475270283.3,0,46.00397086
1593,0,-495850913,-494205593.9,127248266.6,128893585.7,0.2411981253,0.2443168151,1645319.069,0.003118689831,1.614743434,1.614743434,0.05434,0.11383,0,0,-623099179.6,-495850913,0,-475270283.3,1,46.02272844
1594,0,-495850913,-512660139.8,127248266.6,110439039.8,0.2411981253,0.2093363633,-16809226.8,-0.03186176205,0.8603315367,9.139668463,1,20.486605,0,0,-623099179.6,-495850913,0,-475270283.3,2,46.05045581
1595,0,-501806587.7,-498273905.9,121292591.9,124825273.7,0.2299091891,0.2366053606,3532681.739,0.006696171473,3.585632088,3.585632088,0.052055,0.10894,0,0,-623099179.6,-495850913,0,-475270283.3,3,46.07237887
1596,0,-495850913,-492340247.3,127248266.6,130758932.3,0.2411981253,0.2478525656,3510665.732,0.0066544403,0.9511966882,24.04880331,1,140.618515,0,0,-623099179.6,-495850913,0,-475270283.3,4,46.09046507
1597,0,-495850913,-492607374.7,127248266.6,130491804.9,0.2411981253,0.2473462275,3243538.275,0.006148102227,2.328560384,2.328560384,0.052055,0.0991,0,0,-623099179.6,-495850913,0,-475270283.3,5,46.1095171
1598,0,-495850913,-520531580.6,127248266.6,102567599,0.2411981253,0.1944161069,-24680667.56,-0.04678201838,1.017035094,13.98296491,1,22.492815,0,0,-623099179.6,-495850913,0,-475270283.3,6,46.14017153
1599,0,-505091040.8,-496265536.3,118008138.8,126833643.3,0.2236835331,0.2404122099,8825504.468,0.01672867686,3.267710933,3.267710933,0.05434,0.100005,0,0,-623099179.6,-495850913,0,-475270283.3,7,46.16010165
1600,0,-497549302.6,-502907068,125549877,120192111.6,0.2379788407,0.2278232369,-5357765.459,-0.01015560384,0.7759275621,19.22407244,1,109.25302,0,0,-623099179.6,-495850913,0,-475270283.3,8,46.17839694
1601,0,-498587543,-501615263.5,124511636.6,121483916.1,0.236010864,0.2302718427,-3027720.521,-0.00573902131,2.486309816,2.486309816,0.05397,0.12024,0,0,-623099179.6,-495850913,0,-475270283.3,9,46.19464469
1602,0,-498573105.6,-492891680.2,124526074,130207499.4,0.2360382299,0.2468073287,5681425.415,0.01076909883,1.528599756,19.47140024,1,96.42038,0,0,-623099179.6,-495850913,0,-475270283.3,10,46.21173429
1603,0,-495850913,-488486628,127248266.6,134612551.6,0.2411981253,0.2551570717,7364284.999,0.01395894643,1.559857946,1.559857946,0.04607,0.060445,0,0,-623099179.6,-495850913,0,-475270283.3,11,46.2292347
1604,0,-495850913,-519693910.8,127248266.6,103405268.8,0.2411981253,0.1960039036,-23842997.8,-0.0451942217,1.139213844,28.86078616,1,150.314715,0,0,-623099179.6,-495850913,0,-475270283.3,12,46.24643564
1605,0,-507528177.4,-508645349.9,115571002.1,114453829.7,0.219063959,0.2169463671,-1117172.438,-0.002117591892,1.922121575,1.922121575,0.069155,0.141895,0,0,-623099179.6,-495850913,0,-475270283.3,13,46.26759553
1606,0,-506815777,-508284095.5,116283402.6,114815084.1,0.2204143086,0.2176311221,-1468318.433,-0.002783186466,1.271902309,20.72809769,1,108.34569,0,0,-623099179.6,-495850913,0,-475270283.3,14,46.29093885
1607,0,-504907426.5,-508093618.8,118191753.1,115005560.8,0.2240315726,0.2179921692,-3186192.339,-0.00603940344,1.906606424,1.906606424,0.05495,0.10486,0,0,-623099179.6,-495850913,0,-475270283.3,15,46.30935192
1608,0,-505028084.4,-483956474.3,118071095.2,139142705.3,0.2238028665,0.2637439437,21071610.04,0.0399410772,1.381708628,23.61829137,1.2149,119.849495,0,0,-623099179.6,-495850913,0,-475270283.3,16,46.32524633
1609,0,-497832742,-500179969.1,125266437.6,122919210.5,0.2374415835,0.2329924323,-2347227.121,-0.004449151225,1.63564061,1.63564061,0.069155,0.136955,0,0,-623099179.6,-495850913,0,-475270283.3,17,46.34256673
1610,0,-496966035.9,-481739669.5,126133143.7,141359510.1,0.2390844183,0.2679458804,15226366.39,0.02886146214,1.29242326,10.70757674,1,20.97413,0,0,-623099179.6,-495850913,0,-475270283.3,18,46.35979509
1611,0,-495850913,-495445841.4,127248266.6,127653338.2,0.2411981253,0.2419659355,405071.6181,0.0007678101833,1.007291038,1.007291038,0.05495,0.119685,0,0,-623099179.6,-495850913,0,-475270283.3,19,46.37673879
1612,0,-495850913,-490552947.8,127248266.6,132546231.8,0.2411981253,0.2512403783,5297965.23,0.01004225296,0.9107405665,21.08925943,1,114.1003,0,0,-623099179.6,-495850913,0,-475270283.3,20,46.39456582
1613,0,-495850913,-489660151.8,127248266.6,133439027.8,0.2411981253,0.2529326662,6190761.184,0.01173454092,2.00306593,2.00306593,0.05619,0.114235,0,0,-623099179.6,-495850913,0,-475270283.3,21,46.41151834
1614,0,-495850913,-497193150.4,127248266.6,125906029.2,0.2411981253,0.2386539245,-1342237.398,-0.002544200819,0.8509463194,0.8509463194,0.05619,0.10171,0,0,-623099179.6,-495850913,0,-475270283.3,22,46.42913747
1615,0,-497194920.3,-486544907.9,125904259.3,136554271.7,0.2386505697,0.2588375876,10650012.45,0.02018701792,0.6725303423,20.32746966,1,121.155565,0,0,-623099179.6,-495850913,0,-475270283.3,23,46.44827437
1616,0,-495850913,-501112372.6,127248266.6,121986807,0.2411981253,0.2312250686,-5261459.57,-0.009973056754,1.871526728,1.871526728,0.05495,0.100955,0,0,-623099179.6,-495850913,0,-475270283.3,24,46.4647696
1617,0,-500931768.8,-499058610.1,122167410.7,124040569.5,0.2315674016,0.2351179597,1873158.719,0.003550558162,0.9056395401,18.09436046,1,109.817355,0,0,-623099179.6,-495850913,0,-475270283.3,25,46.48281384
1618,0,-497677333.9,-494893155.2,125421845.7,128206024.4,0.2377361584,0.2430135479,2784178.621,0.005277389485,1.688563952,1.688563952,0.069155,0.180435,0,0,-623099179.6,-495850913,0,-475270283.3,26,46.49900436
1619,0,-495850913,-652463836.5,127248266.6,-29364656.96,0.2411981253,-0.0556604848,-156612923.5,-0.2968586101,1.300679648,338.1831723,1.272215,2185.916455,0,0,-623099179.6,-495850913,0,-475270283.3,27,46.5157752
1620,0,-495850913,-500850614.5,127248266.6,122248565.1,0.2411981253,0.2317212291,-4999701.456,-0.009476896233,8.592140427,8.592140427,0.14955,0.321295,0,0,-623099179.6,-495850913,0,-475270283.3,28,46.6030252
1621,0,-505876433.7,-508383613,117222745.9,114715566.5,0.2221948267,0.2174424873,-2507179.313,-0.004752339395,2.065257641,2.065257641,0.10533,0.216685,0,0,-623099179.6,-495850913,0,-475270283.3,29,46.77409887
1622,0,-505876433.7,-487010364.5,117222745.9,136088815.1,0.2221948267,0.2579553181,18866069.27,0.03576049138,2.065257641,9.7083263,1,2.24432,0,0,-623099179.6,-495850913,0,-475270283.3,30,46.78594851
1623,0,-495850913,-498554006.8,127248266.6,124545172.8,0.2411981253,0.2360744315,-2703093.811,-0.005123693841,2.640198922,2.640198922,0.092125,0.09294,0,0,-623099179.6,-495850913,0,-475270283.3,31,46.8095336
1624,0,-497731634.3,-498144839.8,125367545.3,124954339.8,0.2376332324,0.2368500045,-413205.5251,-0.0007832279425,0.8043674153,0.8043674153,0.042405,0.04322,0,0,-623099179.6,-495850913,0,-475270283.3,32,46.83302927
1625,0,-498116352,-488176226.2,124982827.6,134922953.4,0.2369040029,0.255745436,9940125.741,0.01884143304,0.4263658518,14.57363415,1,52.78931,0,0,-623099179.6,-495850913,0,-475270283.3,33,46.84943938
1626,0,-495850913,-497919355.8,127248266.6,125179823.8,0.2411981253,0.2372774077,-2068442.781,-0.003920717621,2.099996033,2.099996033,0.10811,0.14163,0,0,-623099179.6,-495850913,0,-475270283.3,34,46.86662149
1627,0,-496299010.6,-494775564,126800168.9,128323615.6,0.2403487596,0.2432364412,1523446.622,0.002887681531,1.569328691,1.569328691,0.05353,0.08705,0,0,-623099179.6,-495850913,0,-475270283.3,35,46.89198136
1628,0,-495850913,-516132413.1,127248266.6,106966766.5,0.2411981253,0.2027546955,-20281500.11,-0.03844342981,1.239602872,23.76039713,1,87.07088,0,0,-623099179.6,-495850913,0,-475270283.3,36,46.91312718
1629,0,-515033390.7,-511649166.6,108065788.9,111450013,0.2048378841,0.2112526553,3384224.115,0.006414771172,2.278483021,2.278483021,0.2294,0.260205,0,0,-623099179.6,-495850913,0,-475270283.3,37,46.94962502
1630,0,-514785235,-495383395,108313944.5,127715784.6,0.2053082613,0.2420843021,19401840.03,0.03677604079,2.125221118,26.87477888,1,140.740395,0,0,-623099179.6,-495850913,0,-475270283.3,38,46.96708894
1631,0,-495850913,-492699570,127248266.6,130399609.6,0.2411981253,0.2471714721,3151342.99,0.005973346765,1.763598963,1.763598963,0.1955,0.207385,0,0,-623099179.6,-495850913,0,-475270283.3,39,46.9890337
1632,0,-495850913,-496679507.7,127248266.6,126419671.9,0.2411981253,0.2396275303,-828594.6984,-0.001570594973,1.391708583,1.391708583,0.0871,0.115105,0,0,-623099179.6,-495850913,0,-475270283.3,40,47.0184505
1633,0,-495850913,-507374637.1,127248266.6,115724542.5,0.2411981253,0.2193549936,-11523724.11,-0.02184313174,1.139778889,12.86022111,1,53.73737,0,0,-623099179.6,-495850913,0,-475270283.3,41,47.03916454
1634,0,-497748383.1,-497749285.4,125350796.5,125349894.2,0.2376014851,0.2375997748,-902.2583542,-1.710223875e-06,0.6522365552,0.6522365552,0.020685,0.03295,0,0,-623099179.6,-495850913,0,-475270283.3,42,47.06059909
1635,0,-497631478.2,-495723958.5,125467701.4,127375221.1,0.2378230775,0.2414387665,1907519.631,0.00361568901,0.5540797252,12.44592027,1,47.689685,0,0,-623099179.6,-495850913,0,-475270283.3,43,47.07796311
1636,0,-495850913,-496442507.5,127248266.6,126656672.1,0.2411981253,0.2400767625,-591594.4502,-0.001121362799,2.194322882,2.194322882,0.11264,0.15993,0,0,-623099179.6,-495850913,0,-475270283.3,44,47.09866834
1637,0,-495850913,-503851352.9,127248266.6,119247826.7,0.2411981253,0.2260333521,-8000439.872,-0.01516477317,1.812932713,12.18706729,1,20.57938,0,0,-623099179.6,-495850913,0,-475270283.3,45,47.11963224
1638,0,-495850913,-488218715.4,127248266.6,134880464.2,0.2411981253,0.2556648981,7632197.613,0.01446677275,1.772565681,1.772565681,0.00822,0.012265,0,0,-623099179.6,-495850913,0,-475270283.3,46,47.14749241
1639,0,-495850913,-520468548.8,127248266.6,102630630.8,0.2411981253,0.1945355831,-24617635.81,-0.04666254218,1.427761441,26.57223856,1,107.86842,0,0,-623099179.6,-495850913,0,-475270283.3,47,47.17266846
1640,0,-517509543,-519361908,105589636.6,103737271.6,0.2001443563,0.1966332125,-1852365.022,-0.003511143866,2.168490823,2.168490823,0.06589,0.112545,0,0,-623099179.6,-495850913,0,-475270283.3,48,47.20692277
1641,0,-519679427.3,-508351468.9,103419752.3,114747710.7,0.1960313571,0.2175034163,11327958.37,0.02147205927,1.038370241,24.96162976,1,90.931285,0,0,-623099179.6,-495850913,0,-475270283.3,49,47.22711349
1642,0,-499914688.8,-493709644.1,123184490.8,129389535.4,0.2334952692,0.2452568842,6205044.61,0.01176161505,3.197329256,3.197329256,0.14293,0.271155,0,0,-623099179.6,-481462061.8,0,-475270283.3,0,47.24578047
1643,0,-496404198.4,-495035782.5,126694981.2,128063397.1,0.240149377,0.242743199,1368415.888,0.002593821948,2.185970976,27.81402902,1,150.8106,0,0,-623099179.6,-495850913,0,-475270283.3,1,47.2679081
1644,0,-495915612.1,-498806023.2,127183567.5,124293156.4,0.2410754887,0.2355967364,-2890411.055,-0.005478752257,1.613157532,1.613157532,0.1148,0.13389,0,0,-623099179.6,-495850913,0,-475270283.3,2,47.28721142
1645,0,-496029392.4,-481824797.8,127069787.2,141274381.8,0.2408598191,0.2677845205,14204594.58,0.02692470141,1.328011008,9.671988992,1,27.821515,0,0,-623099179.6,-495850913,0,-475270283.3,3,47.30487013
1646,0,-495850913,-490915982.8,127248266.6,132183196.8,0.2411981253,0.2505522482,4934930.223,0.009354122852,2.155019205,2.155019205,0.0241,0.063875,0,0,-623099179.6,-495850913,0,-475270283.3,4,47.33000731
1647,0,-495850913,-509586841.1,127248266.6,113512338.4,0.2411981253,0.2151617776,-13735928.14,-0.02603634773,1.278271072,10.89456872,0.54909,0.923005,0,0,-623099179.6,-495850913,0,-475270283.3,5,47.36716557
1648,0,-495850913,-493454397,127248266.6,129644782.6,0.2411981253,0.2457407032,2396515.971,0.004542577868,3.511407367,3.511407367,0.14293,0.30416,0,0,-623099179.6,-495850913,0,-475270283.3,6,47.41595316
1649,0,-495850913,-496215524.3,127248266.6,126883655.3,0.2411981253,0.2405070073,-364611.3218,-0.0006911179982,3.076327409,15.03774794,1,2.3766,0,0,-623099179.6,-495850913,0,-475270283.3,7,47.43565416
1650,0,-495850913,-502463380.2,127248266.6,120635799.4,0.2411981253,0.2286642438,-6612467.216,-0.01253388151,2.254354759,2.254354759,0.20629,0.252965,0,0,-623099179.6,-495850913,0,-475270283.3,8,47.45664001
1651,0,-495850913,-495492754.5,127248266.6,127606425.1,0.2411981253,0.2418770121,358158.5453,0.0006788868092,2.2046561,19.7953439,1,99.80175,0,0,-623099179.6,-495850913,0,-475270283.3,9,47.473418
1652,0,-496173490,-496000346.7,126925689.6,127098832.9,0.2405866831,0.2409148748,173143.2357,0.0003281916916,0.3533440709,0.3533440709,0.020685,0.041215,0,0,-623099179.6,-495850913,0,-475270283.3,10,47.493999
1653,0,-495850913,-486263548.2,127248266.6,136835631.4,0.2411981253,0.2593709027,9587364.807,0.01817277736,0.3239994088,21.67600059,1,112.95537,0,0,-623099179.6,-495850913,0,-475270283.3,11,47.50973153
1654,0,-495850913,-495728448.5,127248266.6,127370731.1,0.2411981253,0.2414302559,122464.5457,0.0002321306187,1.19672204,1.19672204,0.03352,0.063845,0,0,-623099179.6,-495850913,0,-475270283.3,12,47.52614117
1655,0,-495850913,-493793490.8,127248266.6,129305688.8,0.2411981253,0.2450979535,2057422.18,0.003899828155,0.698545718,13.30145428,1,39.137635,0,0,-623099179.6,-495850913,0,-475270283.3,13,47.55624104
1656,0,-495850913,-489524361.8,127248266.6,133574817.7,0.2411981253,0.2531900551,6326551.161,0.0119919298,2.189103254,2.189103254,0.02919,0.085405,0,0,-623099179.6,-495850913,0,-475270283.3,14,47.5743072
1657,0,-495850913,-524742989.3,127248266.6,98356190.28,0.2411981253,0.1864334136,-28892076.3,-0.05476471175,1.261171415,23.73882859,1,113.96723,0,0,-623099179.6,-495850913,0,-475270283.3,15,47.59504414
1658,0,-517706757.9,-514676765.5,105392421.7,108422414.1,0.1997705368,0.2055138646,3029992.492,0.005743327814,1.875922355,1.875922355,0.06589,0.112335,0,0,-623099179.6,-495850913,0,-475270283.3,16,47.62339544
1659,0,-513115387.4,-509668353.2,109983792.2,113430826.4,0.208473445,0.2150072721,3447034.133,0.006533827085,1.182572391,28.81742761,1,131.864375,0,0,-623099179.6,-495850913,0,-475270283.3,17,47.64326811
1660,0,-505134684.7,-505471080,117964494.9,117628099.6,0.2236008064,0.2229631717,-336395.2955,-0.0006376347342,0.4804029099,0.4804029099,0.020685,0.031895,0,0,-623099179.6,-495850913,0,-475270283.3,18,47.66072559
1661,0,-505232679.3,-497540886.7,117866500.3,125558292.9,0.2234150584,0.2379947929,7691792.57,0.01457973455,0.3250491315,12.67495087,1,51.63396,0,0,-623099179.6,-495850913,0,-475270283.3,19,47.67771459
1662,0,-495850913,-494934043.6,127248266.6,128165136,0.2411981253,0.2429360443,916869.3679,0.001737918941,0.4680142731,0.4680142731,0.01121,0.012565,0,0,-623099179.6,-495850913,0,-475270283.3,20,47.69530773
1663,0,-495850913,-518285256,127248266.6,104813923.6,0.2411981253,0.1986739982,-22434342.96,-0.04252412713,0.2255724065,15.77442759,1,85.442545,0,0,-623099179.6,-495850913,0,-475270283.3,21,47.71424866
1664,0,-515090856.5,-511357238.1,108008323.1,111741941.5,0.2047289582,0.2118060036,3733618.451,0.007077045489,1.737600898,1.737600898,0.06589,0.107415,0,0,-623099179.6,-495850913,0,-475270283.3,22,47.73267078
1665,0,-507609545.2,-508958743.2,115489634.4,114140436.4,0.218909727,0.2163523324,-1349197.996,-0.002557394581,1.174760661,19.82523934,1,95.840255,0,0,-623099179.6,-495850913,0,-475270283.3,23,47.75026655
1666,0,-504430308.9,-655489604,118668870.7,-32390424.42,0.2249359453,-0.06139580411,-151059295.1,-0.2863317494,0.611451868,323.6114519,1.527595,2205.782945,0,0,-623099179.6,-495850913,0,-475270283.3,24,47.76743603
1667,0,-508477025.2,-509051361.2,114622154.4,114047818.4,0.2172654252,0.2161767758,-574335.9284,-0.001088649401,3.131463189,3.131463189,0.052765,0.100685,0,0,-623099179.6,-495850913,0,-475270283.3,25,47.80862617
1668,0,-508957953.4,-500621724.1,114141226.2,122477455.5,0.2163538296,0.2321550891,8336229.297,0.01580125948,0.9061540053,22.09384599,1,114.931925,0,0,-623099179.6,-495850913,0,-475270283.3,26,47.88164091
1669,0,-503574953.1,-502666338.1,119524226.5,120432841.5,0.2265572658,0.2282795387,908615.0388,0.001722272923,0.6643794283,0.6643794283,0.052655,0.104795,0,0,-623099179.6,-495850913,0,-475270283.3,27,47.8977685
1670,0,-503574953.1,-501913709.8,119524226.5,121185469.8,0.2265572658,0.2297061399,1661243.301,0.003148874092,0.6643794283,21.33562057,1,123.740025,0,0,-623099179.6,-495850913,0,-475270283.3,28,47.91349196
1671,0,-504518610.5,-504801458.6,118580569.1,118297721,0.2247685704,0.2242324339,-282848.1222,-0.0005361364729,0.5081425537,0.5081425537,0.052655,0.052655,0,0,-623099179.6,-495850913,0,-475270283.3,29,47.92902446
1672,0,-504572509.8,-501058522.7,118526669.8,122040656.9,0.2246664047,0.2313271406,3513987.049,0.00666073583,0.4142475022,29.5857525,1,163.938375,0,0,-623099179.6,-495850913,0,-475270283.3,30,47.94455647
1673,0,-503420997.4,-502606644,119678182.2,120492535.6,0.2268490877,0.2283926884,814353.4173,0.001543600733,0.7493994498,0.7493994498,0.052655,0.102945,0,0,-623099179.6,-495850913,0,-475270283.3,31,47.96011853
1674,0,-503474896.7,-517274995.5,119624282.9,105824184.1,0.2267469221,0.2005889392,-13800098.86,-0.02615798284,0.6555043983,12.3444956,1,77.56442,0,0,-623099179.6,-495850913,0,-475270283.3,32,47.97612166
1675,0,-504987485.9,-505556280.4,118111693.7,117542899.2,0.2238798206,0.2228016749,-568794.5452,-0.001078145751,0.5522629588,0.5522629588,0.052655,0.05736,0,0,-623099179.6,-495850913,0,-475270283.3,33,47.99171734
1676,0,-505041385.1,-487799380,118057794.4,135299799.6,0.223777655,0.2564597452,17242005.17,0.03268209017,0.4583679073,21.54163209,1.00531,121.453285,0,0,-623099179.6,-495850913,0,-475270283.3,34,48.00719309
1677,0,-499030821.8,-499075233.3,124068357.8,124023946.3,0.2351706322,0.2350864506,-44411.50363,-8.418166868e-05,0.55022061,0.55022061,0.052655,0.060795,0,0,-623099179.6,-495850913,0,-475270283.3,35,48.02341986
1678,0,-499084721.1,-502286891.7,124014458.5,120812287.9,0.2350684666,0.2289987764,-3202170.632,-0.006069690175,0.4563255585,14.54367444,1,89.068055,0,0,-623099179.6,-495850913,0,-475270283.3,36,48.03913903
1679,0,-500003210.9,-500673452.5,123095968.7,122425727.1,0.2333274762,0.2320570382,-670241.6694,-0.001270438007,0.6179994083,0.6179994083,0.052655,0.075525,0,0,-623099179.6,-495850913,0,-475270283.3,37,48.05469179
1680,0,-500057110.1,-500372079.4,123042069.5,122727100.2,0.2332253105,0.2326282886,-314969.2959,-0.0005970219142,0.5241043568,17.47589564,1,112.213105,0,0,-623099179.6,-495850913,0,-475270283.3,38,48.07030821
1681,0,-495850913,-492599248.5,127248266.6,130499931.1,0.2411981253,0.2473616308,3251664.551,0.006163505523,1.344858674,1.344858674,0.07458,0.150375,0,0,-623099179.6,-495850913,0,-475270283.3,39,48.08609056
1682,0,-495850913,-510246792.3,127248266.6,112852387.3,0.2411981253,0.2139108452,-14395879.28,-0.02728728011,1.235196726,8.764803274,1,15.442315,0,0,-623099179.6,-495850913,0,-475270283.3,40,48.10310698
1683,0,-510732682.4,-514481059.5,112366497.2,108618120,0.2129898442,0.2058848237,-3748377.143,-0.007105020477,1.649694652,1.649694652,0.11387,0.272925,0,0,-623099179.6,-495850913,0,-475270283.3,41,48.11989021
1684,0,-511058330.3,-502474638.3,112040849.3,120624541.3,0.2123725811,0.2286429042,8583691.98,0.01627032312,1.529398279,11.47060172,1,44.092925,0,0,-623099179.6,-495850913,0,-475270283.3,42,48.13603044
1685,0,-498583159.4,-497039957.1,124516020.2,126059222.5,0.2360191729,0.2389443012,1543202.31,0.002925128288,1.000368706,1.000368706,0.07458,0.127235,0,0,-623099179.6,-495850913,0,-475270283.3,43,48.15514803
1686,0,-496848010.7,-489969528.6,126251168.9,133129651,0.2393081341,0.2523462449,6878482.144,0.01303811079,0.8739872689,27.12601273,1,150.053865,0,0,-623099179.6,-495850913,0,-475270283.3,44,48.17180753
1687,0,-495850913,-491637595.8,127248266.6,131461583.8,0.2411981253,0.2491844362,4213317.215,0.007986310862,1.471189478,1.471189478,0.052655,0.101555,0,0,-623099179.6,-495850913,0,-475270283.3,45,48.18846011
1688,0,-495850913,-498118642.9,127248266.6,124980536.7,0.2411981253,0.2368996605,-2267729.872,-0.004298464792,1.183631946,1.183631946,0.052655,0.09812,0,0,-623099179.6,-495850913,0,-475270283.3,46,48.20629096
1689,0,-498136486.9,-485210601.5,124962692.7,137888578.1,0.2368658374,0.2613667552,12925885.38,0.02450091781,0.6470017466,26.35299825,1,158.165025,0,0,-623099179.6,-495850913,0,-475270283.3,47,48.22521758
1690,0,-495850913,-496060012.7,127248266.6,127039166.9,0.2411981253,0.2408017784,-209099.7275,-0.0003963469495,0.9812571778,0.9812571778,0.052655,0.075525,0,0,-623099179.6,-495850913,0,-475270283.3,48,48.24162221
1691,0,-496277995.8,-500541062.8,126821183.8,122558116.8,0.240388593,0.2323079819,-4263066.966,-0.008080611138,0.5241043568,28.47589564,1,164.654675,0,0,-623099179.6,-495850913,0,-475270283.3,49,48.26040792
1692,0,-498848337.8,-498052898.3,124250841.8,125046281.3,0.2355165294,0.2370242789,795439.5205,0.001507749585,0.7584365796,0.7584365796,0.052655,0.104795,0,0,-623099179.6,-491218010.3,0,-475270283.3,0,48.27590704
1693,0,-498961513.3,-498560335,124137666.3,124538844.6,0.235302006,0.2360624365,401178.3127,0.0007604304524,0.6643794283,24.33562057,1,148.606055,0,0,-623099179.6,-495850913,0,-475270283.3,1,48.29135752
1694,0,-495850913,-500188018.8,127248266.6,122911160.8,0.2411981253,0.2329771741,-4337105.802,-0.00822095119,1.084748807,1.084748807,0.052655,0.052655,0,0,-623099179.6,-495850913,0,-475270283.3,2,48.30709553
1695,0,-499959070,-494918001.2,123140109.6,128181178.4,0.2334111449,0.2429664526,5041068.786,0.009555307694,0.4142475022,17.5857525,1,118.034075,0,0,-623099179.6,-495850913,0,-475270283.3,3,48.32293391
1696,0,-496319943.9,-496119706.8,126779235.7,126979472.8,0.2403090808,0.2406886287,200237.055,0.0003795478208,0.6268859488,0.6268859488,0.052655,0.077375,0,0,-623099179.6,-495850913,0,-475270283.3,4,48.33832574
1697,0,-496373843.1,-501282177.7,126725336.4,121817001.9,0.2402069152,0.2309032043,-4908334.532,-0.009303710921,0.5329908973,14.4670091,1,104.068055,0,0,-623099179.6,-495850913,0,-475270283.3,5,48.35380316
1698,0,-496111103.7,-531822855.7,126988075.9,91276323.91,0.2407049358,0.1730135805,-35711751.95,-0.06769135528,1.388828054,318.4197462,1.34369,2129.78374,0,0,-623099179.6,-495850913,0,-475270283.3,6,48.3693099
1699,0,-495850913,-491051464.3,127248266.6,132047715.2,0.2411981253,0.2502954439,4799448.662,0.009097318579,4.922331387,4.922331387,0.095845,0.14785,0,0,-623099179.6,-495850913,0,-475270283.3,7,48.42702127
1700,0,-495850913,-491223467.7,127248266.6,131875711.9,0.2411981253,0.2499694128,4627445.278,0.008771287469,2.127559074,2.127559074,0.12251,0.16336,0,0,-623099179.6,-495850913,0,-475270283.3,8,48.58323264
1701,0,-495850913,-498640475.7,127248266.6,124458703.9,0.2411981253,0.2359105303,-2789562.721,-0.005287595004,1.679567357,1.679567357,0.02481,0.042885,0,0,-623099179.6,-495850913,0,-475270283.3,9,48.59929991
1702,0,-498710861.4,-498681876.3,124388318.2,124417303.3,0.2357771148,0.2358320559,28985.14734,5.49411272e-05,0.2837626884,15.71623731,1,73.522055,0,0,-623099179.6,-495850913,0,-475270283.3,10,48.62120724
1703,0,-499207880.5,-488768776.8,123891299.1,134330402.8,0.2348350189,0.2546222609,10439103.72,0.01978724201,3.824846324,3.824846324,0.3576,0.40865,0,0,-623099179.6,-495850913,0,-475270283.3,11,48.63765168
1704,0,-498924020.1,-499797679.5,124175159.5,123301500.1,0.235373074,0.2337170593,-873659.397,-0.001656014768,0.4644223177,0.4644223177,0.02481,0.05105,0,0,-623099179.6,-495850913,0,-475270283.3,12,48.65360999
1705,0,-499761762.5,-505971392.4,123337417.1,117127787.2,0.2337851397,0.2220148332,-6209629.934,-0.0117703065,0.3351619741,14.66483803,1,68.40429,0,0,-623099179.6,-495850913,0,-475270283.3,13,48.66934323
1706,0,-503347033.5,-508210004.3,119752146.1,114889175.3,0.2269892856,0.2177715614,-4862970.758,-0.009217724231,1.981036286,1.981036286,0.119495,0.145735,0,0,-623099179.6,-495850913,0,-475270283.3,14,48.68504715
1707,0,-503972723.9,-501728957.2,119126455.7,121370222.4,0.2258032943,0.2300563371,2243766.669,0.004253042723,1.032148196,1.032148196,0.056,0.095095,0,0,-623099179.6,-495850913,0,-475270283.3,15,48.70177293
1708,0,-501013186.8,-490389505.5,122085992.8,132709674.1,0.2314130745,0.2515501818,10623681.23,0.02013710728,0.6204039613,25.37959604,1,117.388335,0,0,-623099179.6,-495850913,0,-475270283.3,16,48.7176702
1709,0,-495850913,-493003148,127248266.6,130096031.6,0.2411981253,0.2465960423,2847764.996,0.005397916976,1.456677558,1.456677558,0.07552,0.12494,0,0,-623099179.6,-495850913,0,-475270283.3,17,48.73715162
1710,0,-495850913,-520133894.7,127248266.6,102965284.9,0.2411981253,0.1951699174,-24282981.71,-0.04602820787,0.8007649881,23.19923501,1,101.70375,0,0,-623099179.6,-495850913,0,-475270283.3,18,48.75959015
1711,0,-504568116.5,-501635173.8,118531063.1,121464005.8,0.2246747321,0.2302341028,2932942.726,0.005559370717,1.733711494,1.733711494,0.056,0.103905,0,0,-623099179.6,-495850913,0,-475270283.3,19,48.77897286
1712,0,-501038118,-495884912.9,122061061.6,127214266.7,0.2313658175,0.2411336788,5153205.126,0.009767861277,0.6986428354,25.30135716,1,129.140755,0,0,-623099179.6,-495850913,0,-475270283.3,20,48.79731107
1713,0,-495850913,-494174913.7,127248266.6,128924265.9,0.2411981253,0.2443749693,1675999.321,0.003176844016,1.334301059,1.334301059,0.07552,0.138435,0,0,-623099179.6,-495850913,0,-475270283.3,21,48.81520891
1714,0,-495850913,-493031285.9,127248266.6,130067893.7,0.2411981253,0.2465427071,2819627.092,0.005344581791,0.8619930249,24.13800698,1,111.212475,0,0,-623099179.6,-495850913,0,-475270283.3,22,48.83557129
1715,0,-501081212.7,-640073772.4,122017966.8,-16974592.81,0.2312841318,-0.03217521208,-138992559.7,-0.2634593439,1.19279116,350.533742,1.34875,2277.948555,0,0,-623099179.6,-495850913,0,-475270283.3,23,48.85453606
1716,0,-495850913,-496412177.6,127248266.6,126687002,0.2411981253,0.2401342525,-561264.6163,-0.001063872828,6.701669662,6.701669662,0.13909,0.207145,0,0,-623099179.6,-495850913,0,-475270283.3,24,48.94735527
1717,0,-495850913,-496528470.9,127248266.6,126570708.7,0.2411981253,0.2399138195,-677557.8557,-0.001284305782,1.592013881,1.592013881,0.04267,0.110725,0,0,-623099179.6,-495850913,0,-475270283.3,25,49.09422398
1718,0,-495850913,-493269870.2,127248266.6,129829309.4,0.2411981253,0.2460904723,2581042.773,0.004892347023,0.9850488218,29.01495118,1,150.15158,0,0,-623099179.6,-495850913,0,-475270283.3,26,49.11069894
1719,0,-495850913,-489889044,127248266.6,133210135.6,0.2411981253,0.2524988028,5961868.998,0.01130067752,2.638494719,2.638494719,0.28871,0.28871,0,0,-623099179.6,-495850913,0,-475270283.3,27,49.13250971
1720,0,-495850913,-513127131.7,127248266.6,109972047.9,0.2411981253,0.2084511837,-17276218.7,-0.03274694166,1.664009393,27.33599061,1,171.10305,0,0,-623099179.6,-495850913,0,-475270283.3,28,49.15401912
1721,0,-498892332.1,-500408549.7,124206847.5,122690629.9,0.2354331385,0.2325591594,-1516217.668,-0.002873979102,0.5883566408,0.5883566408,0.06132,0.06132,0,0,-623099179.6,-495850913,0,-475270283.3,29,49.17204714
1722,0,-498892332.1,-496132992.8,124206847.5,126966186.8,0.2354331385,0.2406634451,2759339.221,0.00523030659,0.5883566408,26.41164336,1,165.09417,0,0,-623099179.6,-495850913,0,-475270283.3,30,49.1905849
1723,0,-499746213.1,-501589493.6,123352966.5,121509686,0.2338146135,0.2303206893,-1843280.47,-0.003493924166,1.081981693,1.081981693,0.0107,0.02043,0,0,-623099179.6,-495850913,0,-475270283.3,31,49.20677304
1724,0,-501391456,-489493275.2,121707723.6,133605904.4,0.2306960681,0.2532489795,11898180.72,0.02255291142,0.1469445465,22.85305545,1,127.641655,0,0,-623099179.6,-495850913,0,-475270283.3,32,49.22413445
1725,0,-495850913,-486264490.2,127248266.6,136834689.4,0.2411981253,0.2593691171,9586422.8,0.01817099179,3.821432818,3.821432818,0.37318,0.54101,0,0,-623099179.6,-495850913,0,-475270283.3,33,49.24151373
1726,0,-495850913,-497887409.5,127248266.6,125211770.1,0.2411981253,0.2373379616,-2036496.505,-0.003860163698,1.499927503,1.499927503,0.15188,0.16783,0,0,-623099179.6,-495850913,0,-475270283.3,34,49.26489902
1727,0,-497185969.9,-486114536.3,125913209.7,136984643.2,0.2386675351,0.2596533535,11071433.54,0.0209858184,0.8521775716,22.14782243,1,119.14359,0,0,-623099179.6,-495850913,0,-475270283.3,35,49.28402185
1728,0,-495850913,-500086787.7,127248266.6,123012391.9,0.2411981253,0.2331690569,-4235874.689,-0.008029068383,1.858667708,1.858667708,0.01595,0.02565,0,0,-623099179.6,-495850913,0,-475270283.3,36,49.3008647
1729,0,-499897374.1,-496317357.7,123201805.5,126781821.9,0.2335280889,0.2403139829,3580016.437,0.006785894035,0.2724044971,16.7275955,1,109.567825,0,0,-623099179.6,-495850913,0,-475270283.3,37,49.32436323
1730,0,-499231278,-501896389.8,123867901.6,121202789.8,0.2347906691,0.2297389698,-2665111.832,-0.005051699287,0.9141866508,0.9141866508,0.037025,0.047725,0,0,-623099179.6,-495850913,0,-475270283.3,38,49.34173369
1731,0,-500699180.1,-487283076,122399999.5,135816103.6,0.2320082718,0.2574383954,13416104.04,0.02543012357,0.3745627062,28.62543729,1,160.941315,0,0,-623099179.6,-495850913,0,-475270283.3,39,49.35785675
1732,0,-495850913,-487189372.8,127248266.6,135909806.8,0.2411981253,0.2576160091,8661540.177,0.01641788379,4.639062188,4.639062188,0.58321,0.67325,0,0,-623099179.6,-495850913,0,-475270283.3,40,49.37502909
1733,0,-496292338,-498812292.1,126806841.6,124286887.5,0.2403614076,0.2355848536,-2519954.126,-0.004776553956,0.5121116941,0.5121116941,0.01255,0.01255,0,0,-623099179.6,-495850913,0,-475270283.3,41,49.39410734
1734,0,-498599708.4,-500524402.8,124499471.1,122574776.8,0.2359878044,0.2323395608,-1924694.347,-0.003648243554,0.0602843693,10.93971563,1,62.382575,0,0,-623099179.6,-495850913,0,-475270283.3,42,49.40958619
1735,0,-495850913,-494264436.5,127248266.6,128834743.1,0.2411981253,0.2442052795,1586476.526,0.003007154237,1.265656497,1.265656497,0.221,0.221,0,0,-623099179.6,-495850913,0,-475270283.3,43,49.4251132
1736,0,-498599708.4,-593479125.6,124499471.1,29620053.99,0.2359878044,0.05614458794,-94879417.16,-0.1798432164,0.0602843693,310.9397156,1,2111.22717,0,0,-623099179.6,-495850913,0,-475270283.3,44,49.44179153
1737,0,-495850913,-489527095,127248266.6,133572084.6,0.2411981253,0.2531848744,6323817.967,0.01198674905,4.159758444,4.159758444,0.13601,0.182465,0,0,-623099179.6,-495850913,0,-475270283.3,45,49.49063993
1738,0,-495850913,-500088990.3,127248266.6,123010189.3,0.2411981253,0.233164882,-4238077.267,-0.008033243352,1.204737283,1.204737283,0.028135,0.064195,0,0,-623099179.6,-495850913,0,-475270283.3,46,49.6062448
1739,0,-499694455.2,-494697759.5,123404724.4,128401420.1,0.2339127202,0.2433839191,4996695.722,0.009471198887,0.5231811583,20.47681884,1,118.58078,0,0,-623099179.6,-495850913,0,-475270283.3,47,49.62448215
1740,0,-495850913,-494982741.4,127248266.6,128116438.2,0.2411981253,0.242843738,868171.6122,0.001645612714,1.60277798,1.60277798,0.22619,0.245085,0,0,-623099179.6,-495850913,0,-475270283.3,48,49.64115024
1741,0,-499284780.1,-499530597,123814399.5,123568582.5,0.2346892562,0.2342233121,-245816.9422,-0.0004659441516,0.2729444746,0.2729444746,0.018895,0.036635,0,0,-623099179.6,-495850913,0,-475270283.3,49,49.65853119
1742,0,-499284780.1,-502238737.6,123814399.5,120860442,0.2346892562,0.2290900521,-2953957.53,-0.00559920412,0.2729444746,15.72705553,1,100.294685,0,0,-623099179.6,-485465052.2,0,-475270283.3,0,49.67028999
1743,0,-495850913,-630816702,127248266.6,-7717522.378,0.2411981253,-0.0146285052,-134965789,-0.2558266305,1.60277798,325.0073483,1,2170.359675,0,0,-623099179.6,-495850913,0,-475270283.3,1,49.68681598
1744,0,-495850913,-501896573.3,127248266.6,121202606.3,0.2411981253,0.2297386219,-6045660.337,-0.01145950337,11.16438987,11.16438987,0.13518,0.41081,0,0,-623099179.6,-495850913,0,-475270283.3,2,49.77923179
1745,0,-495850913,-501893596,127248266.6,121205583.6,0.2411981253,0.2297442654,-6042683.034,-0.01145385991,2.483307755,2.483307755,0.13518,0.302185,0,0,-623099179.6,-495850913,0,-475270283.3,3,49.99785399
1746,0,-500642665.4,-502365280.1,122456514.2,120733899.5,0.232115395,0.2288501918,-1722614.748,-0.003265203204,1.7933178,1.7933178,0.06444,0.196935,0,0,-623099179.6,-495850913,0,-475270283.3,4,50.01609087
1747,0,-501011756.6,-479253868.8,122087423,143845310.8,0.2314157854,0.2726576969,21757887.79,0.04124191147,1.508812326,11.68062828,1,2.98643,0,0,-623099179.6,-495850913,0,-475270283.3,5,50.03401875
1748,0,-495850913,-481544998.8,127248266.6,141554180.8,0.2411981253,0.2683148774,14305914.24,0.02711675206,3.744789649,3.744789649,0.06818,0.11114,0,0,-623099179.6,-495850913,0,-475270283.3,6,50.06220055
1749,0,-495850913,-499158507.7,127248266.6,123940671.9,0.2411981253,0.2349286047,-3307594.666,-0.006269520632,2.09724827,2.09724827,0.07892,0.19006,0,0,-623099179.6,-495850913,0,-475270283.3,7,50.08460712
1750,0,-498845976.7,-486140972,124253202.9,136958207.6,0.2355210048,0.259603245,12705004.72,0.0240822402,1.684948342,9.576854209,1,5.09769,0,0,-623099179.6,-495850913,0,-475270283.3,8,50.10791278
1751,0,-495850913,-497651631.2,127248266.6,125447548.4,0.2411981253,0.2377848777,-1800718.174,-0.003413247657,2.757490248,2.757490248,0.23117,0.40861,0,0,-623099179.6,-495850913,0,-475270283.3,9,50.12900543
1752,0,-495850913,-493439971.9,127248266.6,129659207.7,0.2411981253,0.2457680458,2410941.069,0.004569920531,1.412413231,1.412413231,0.08912,0.14845,0,0,-623099179.6,-495850913,0,-475270283.3,10,50.15683174
1753,0,-495850913,-502924414.7,127248266.6,120174764.9,0.2411981253,0.2277903564,-7073501.706,-0.0134077689,0.9716526429,24.02834736,1,117.247105,0,0,-623099179.6,-495850913,0,-475270283.3,11,50.17597723
1754,0,-500922995.1,-500309541.2,122176184.5,122789638.4,0.2315840322,0.2327468293,613453.8607,0.001162797146,1.638030052,1.638030052,0.07892,0.22741,0,0,-623099179.6,-495850913,0,-475270283.3,12,50.19910097
1755,0,-500642667.2,-511995324.3,122456512.3,111103855.3,0.2321153914,0.210596516,-11352657.04,-0.02151887541,1.435204706,15.56479529,1,98.982495,0,0,-623099179.6,-495850913,0,-475270283.3,13,50.21515226
1756,0,-500001447.1,-501172526.8,123097732.5,121926652.8,0.2333308194,0.2311110467,-1171079.693,-0.002219772687,1.870973607,1.870973607,0.10918,0.26474,0,0,-623099179.6,-495850913,0,-475270283.3,14,50.23112369
1757,0,-499714983.8,-492095219.1,123384195.8,131003960.5,0.2338738084,0.2483170146,7619764.677,0.01444320622,1.021353534,26.97864647,1,153.59977,0,0,-623099179.6,-495850913,0,-475270283.3,15,50.24769187
1758,0,-501363383.8,-500424766.5,121735795.7,122674413.1,0.2307492786,0.2325284207,938617.3638,0.001779142102,1.142415793,1.142415793,0.07892,0.11715,0,0,-623099179.6,-495850913,0,-475270283.3,16,50.2640841
1759,0,-500048882.9,-505580933.3,123050296.7,117518246.3,0.2332409052,0.2227549456,-5532050.397,-0.01048595962,0.6414958143,10.35850419,1,38.266105,0,0,-623099179.6,-495850913,0,-475270283.3,17,50.28058434
1760,0,-500118108.5,-497252972.1,122981071.1,125846207.5,0.2331096885,0.238540533,2865136.46,0.005430844455,1.26584678,1.26584678,0.08912,0.16943,0,0,-623099179.6,-495850913,0,-475270283.3,18,50.29660368
1761,0,-499750695.3,-500544393.6,123348484.3,122554786,0.2338061176,0.2323016684,-793698.3118,-0.001504449137,0.862675772,22.13732423,1,127.235055,0,0,-623099179.6,-495850913,0,-475270283.3,19,50.31278801
1762,0,-498648402.6,-497515677.4,124450777,125583502.2,0.235895505,0.238042577,1132725.151,0.002147071943,0.7496663259,0.7496663259,0.07892,0.11658,0,0,-623099179.6,-495850913,0,-475270283.3,20,50.32896972
1763,0,-497832140.6,-501945204.6,125267039,121153975,0.2374427234,0.2296464418,-4113063.967,-0.007796281589,0.5732958924,28.42670411,1,169.610155,0,0,-623099179.6,-495850913,0,-475270283.3,21,50.34491944
1764,0,-499750695.3,-584332543.5,123348484.3,38766636.07,0.2338061176,0.07348186498,-84581848.26,-0.1603242526,0.862675772,312.8626758,1.328555,2106.964025,0,0,-623099179.6,-495850913,0,-475270283.3,22,50.36083436
1765,0,-495850913,-498857579.4,127248266.6,124241600.2,0.2411981253,0.2354990119,-3006666.389,-0.005699113362,5.488002716,5.488002716,0.115455,0.408185,0,0,-623099179.6,-495850913,0,-475270283.3,23,50.43268824
1766,0,-497913422.2,-494789699.7,125185757.4,128309479.8,0.2372886548,0.243209647,3123722.444,0.005920992228,1.542963309,1.542963309,0.04584,0.108905,0,0,-623099179.6,-495850913,0,-475270283.3,24,50.58206391
1767,0,-496314339.9,-505113947.7,126784839.7,117985231.9,0.2403197031,0.2236401132,-8799607.762,-0.01667958985,1.052937015,15.94706298,1,68.292035,0,0,-623099179.6,-495850913,0,-475270283.3,25,50.59817553
1768,0,-495850913,-494426362.8,127248266.6,128672816.7,0.2411981253,0.2438983494,1424550.162,0.00270022404,1.285893777,1.285893777,0.10277,0.162485,0,0,-623099179.6,-495850913,0,-475270283.3,26,50.61589909
1769,0,-495850913,-492101786.2,127248266.6,130997393.4,0.2411981253,0.2483045667,3749126.788,0.007106441425,1.029016289,25.97098371,1,113.862195,0,0,-623099179.6,-495850913,0,-475270283.3,27,50.63605142
1770,0,-495850913,-499314132.1,127248266.6,123785047.5,0.2411981253,0.2346336198,-3463219.045,-0.006564505464,4.507335865,4.507335865,0.34449,0.725225,0,0,-623099179.6,-495850913,0,-475270283.3,28,50.66454792
1771,0,-495850913,-490429579.7,127248266.6,132669599.9,0.2411981253,0.2514742215,5421333.283,0.01027609617,2.13585258,2.13585258,0.07535,0.16321,0,0,-623099179.6,-495850913,0,-475270283.3,29,50.69578815
1772,0,-495850913,-496910626.8,127248266.6,126188552.8,0.2411981253,0.2391894458,-1059713.804,-0.002008679488,1.306839883,1.306839883,0.06819,0.13958,0,0,-623099179.6,-495850913,0,-475270283.3,30,50.71825361
1773,0,-498027905.1,-496761537,125071274.5,126337642.6,0.2370716533,0.2394720444,1266368.118,0.002400391175,0.9544903237,0.9544903237,0.04584,0.07139,0,0,-623099179.6,-495850913,0,-475270283.3,31,50.73880649
1774,0,-497970112.8,-491514944.2,125129066.8,131584235.4,0.2371811981,0.2494169213,6455168.593,0.01223572317,0.5668561806,24.43314382,1,141.9418,0,0,-623099179.6,-495850913,0,-475270283.3,32,50.75245357
1775,0,-495850913,-498578358.5,127248266.6,124520821.1,0.2411981253,0.236028273,-2727445.506,-0.005169852294,1.557026221,1.557026221,0.0482,0.101595,0,0,-623099179.6,-495850913,0,-475270283.3,33,50.76962924
1776,0,-496943788.4,-477462340.3,126155391.2,145636839.3,0.2391265883,0.2760535256,19481448.09,0.03692693727,0.9442107596,22.05578924,1.17385,120.91446,0,0,-623099179.6,-495850913,0,-475270283.3,34,50.79222655
1777,0,-495850913,-491872009.7,127248266.6,131227169.9,0.2411981253,0.2487401063,3978903.276,0.007541981015,1.672077801,1.672077801,0.08065,0.083535,0,0,-623099179.6,-495850913,0,-475270283.3,35,50.81036925
1778,0,-495850913,-509964371.8,127248266.6,113134807.8,0.2411981253,0.2144461711,-14113458.77,-0.02675195418,0.8618472838,28.13815272,1,154.85809,0,0,-623099179.6,-495850913,0,-475270283.3,36,50.8336072
1779,0,-511188114.3,-510342746,111911065.3,112756433.6,0.2121265764,0.2137289656,845368.3042,0.001602389216,0.7905419732,0.7905419732,0.04385,0.087535,0,0,-623099179.6,-495850913,0,-475270283.3,37,50.85186958
1780,0,-511713800.4,-529289938.2,111385379.2,93809241.37,0.2111301425,0.1778147063,-17576137.86,-0.03331543616,0.7647401939,20.23525981,1,115.2865,0,0,-623099179.6,-495850913,0,-475270283.3,38,50.86872005
1781,0,-519833320.3,-524727902.7,103265859.3,98371276.85,0.195739654,0.18646201,-4894582.442,-0.009277643938,2.004824725,2.004824725,0.20876,0.39744,0,0,-623099179.6,-495850913,0,-475270283.3,39,50.88607907
1782,0,-519195133.1,-519061371.6,103904046.5,104037808,0.196949333,0.197202877,133761.5379,0.0002535439818,1.431014557,1.431014557,0.0482,0.094825,0,0,-623099179.6,-495850913,0,-475270283.3,40,50.90639567
1783,0,-518271238,-496358406.6,104827941.6,126740773,0.1987005692,0.240236175,21912831.36,0.04153560583,0.8439598184,27.15604018,1.47972,115.574295,0,0,-623099179.6,-495850913,0,-475270283.3,41,50.92451453
1784,0,-511579403.9,-501142916.4,111519775.7,121956263.2,0.21138489,0.231167173,10436487.5,0.01978228298,5.396877118,5.396877118,0.45017,0.848355,0,0,-623099179.6,-495850913,0,-475270283.3,42,50.95313692
1785,0,-511584481.4,-516135486.9,111514698.2,106963692.7,0.2113752656,0.2027488692,-4551005.452,-0.008626396358,1.58251397,1.58251397,0.0482,0.092865,0,0,-623099179.6,-495850913,0,-475270283.3,43,50.96997476
1786,0,-514952716.6,-506230656.9,108146463,116868522.7,0.2049908014,0.2215233993,8722059.628,0.01653259795,0.8106481982,23.1893518,1.04851,117.78033,0,0,-623099179.6,-495850913,0,-475270283.3,44,50.98630905
1787,0,-512896984,-507510740.4,110202195.6,115588439.2,0.2088874269,0.2190970108,5386243.558,0.01020958386,2.950964396,2.950964396,0.10277,0.125955,0,0,-623099179.6,-495850913,0,-475270283.3,45,51.0022614
1788,0,-509661409.7,-512058596.1,113437769.9,111040583.5,0.2150204334,0.2104765848,-2397186.343,-0.004543848552,0.6124451434,0.6124451434,0.01537,0.024135,0,0,-623099179.6,-495850913,0,-475270283.3,46,51.01846027
1789,0,-512182505.6,-500790365.3,110916674,122308814.2,0.2102417153,0.2318354308,11392140.23,0.02159371549,0.1422124737,21.85778753,1.12068,112.77219,0,0,-623099179.6,-495850913,0,-475270283.3,47,51.03391695
1790,0,-510416921.6,-511465086.9,112682258,111634092.7,0.2135883664,0.2116015769,-1048165.347,-0.001986789474,1.816686411,1.816686411,0.13408,0.27433,0,0,-623099179.6,-495850913,0,-475270283.3,48,51.04972291
1791,0,-509737157.2,-507264827.9,113362022.4,115834351.7,0.2148768547,0.219563136,2472329.249,0.004686281361,1.003867398,1.003867398,0.02065,0.044665,0,0,-623099179.6,-495850913,0,-475270283.3,49,51.06581664
1792,0,-507022116.3,-502072241.4,116077063.3,121026938.2,0.2200231941,0.2294056444,4949874.85,0.009382450278,0.3899446982,13.6100553,1,46.262975,0,0,-623099179.6,-484790912.1,0,-475270283.3,0,51.08222294
1793,0,-505066568,-506331728.9,118032611.6,116767450.7,0.2237299211,0.2213318182,-1265160.921,-0.002398102941,1.360369094,1.360369094,0.01537,0.018255,0,0,-623099179.6,-495850913,0,-475270283.3,1,51.09782219
1794,0,-506583925.2,-507218053.6,116515254.4,115881126,0.220853782,0.2196517965,-634128.3507,-0.001201985485,0.1140042703,24.88599573,1,133.17383,0,0,-623099179.6,-495850913,0,-475270283.3,2,51.11455345
1795,0,-509231176.4,-509677563,113868003.2,113421616.5,0.2158359374,0.2149898149,-446386.653,-0.0008461225191,1.08024984,1.08024984,0.02065,0.044665,0,0,-623099179.6,-495850913,0,-475270283.3,3,51.13013244
1796,0,-509434851.4,-514572958.6,113664328.2,108526221,0.215449873,0.2057106297,-5138107.199,-0.009739243271,0.3899446982,16.6100553,1,74.4217,0,0,-623099179.6,-495850913,0,-475270283.3,4,51.14661908
1797,0,-513967746,-516071023.9,109131433.6,107028155.7,0.2068578057,0.2028710583,-2103277.949,-0.003986747418,2.149584994,2.149584994,0.14874,0.242565,0,0,-623099179.6,-495850913,0,-475270283.3,5,51.16225266
1798,0,-515847286.4,-519214815.7,107251893.2,103884363.9,0.2032951511,0.1969120248,-3367529.318,-0.00638312631,0.9869571621,0.9869571621,0.0482,0.066395,0,0,-623099179.6,-495850913,0,-475270283.3,6,51.17853928
1799,0,-518822236.4,-518153732.1,104276943.2,104945447.5,0.1976561559,0.1989233007,668504.3041,0.001267144844,0.5678086128,19.43219139,1,109.523485,0,0,-623099179.6,-495850913,0,-475270283.3,7,51.19528627
1800,0,-511947629.8,-513186413.2,111151549.8,109912766.4,0.2106869205,0.208338816,-1238783.386,-0.002348104524,1.396015197,1.396015197,0.06294,0.107605,0,0,-623099179.6,-495850913,0,-475270283.3,8,51.2121911
1801,0,-511493104.6,-496680752.8,111606075,126418426.8,0.2115484697,0.2396251703,14812351.78,0.02807670058,0.9979477223,24.00205228,1.31679,112.30699,0,0,-623099179.6,-495850913,0,-475270283.3,9,51.2299459
1802,0,-510543818.2,-509664843.4,112555361.4,113434336.2,0.2133478348,0.2150139249,878974.7965,0.001666090068,0.5239400561,0.5239400561,0.01537,0.018255,0,0,-623099179.6,-495850913,0,-475270283.3,10,51.24960995
1803,0,-509534494.2,-507821874.4,113564685.4,115277305.2,0.2152610008,0.2185072586,1712619.793,0.003246257843,0.1140042703,27.88599573,1,152.653415,0,0,-623099179.6,-495850913,0,-475270283.3,11,51.26534486
1804,0,-511921498.8,-513010677.6,111177680.8,110088502,0.2107364517,0.2086719216,-1089178.772,-0.00206453011,0.6410854366,0.6410854366,0.02065,0.044665,0,0,-623099179.6,-495850913,0,-475270283.3,12,51.28094339
1805,0,-512767965.9,-517906073.1,110331213.7,105193106.5,0.2091319797,0.1993927364,-5138107.199,-0.009739243271,0.3899446982,16.6100553,1,74.34321,0,0,-623099179.6,-495850913,0,-475270283.3,13,51.29743385
1806,0,-515216381,-519404138.4,107882798.6,103695041.1,0.2044910275,0.1965531649,-4187757.47,-0.007937862559,2.065916616,2.065916616,0.065195,0.10294,0,0,-623099179.6,-495850913,0,-475270283.3,14,51.31304574
1807,0,-519104405.4,-517790232.4,103994774.2,105308947.2,0.1971213066,0.1996123116,1314173.031,0.002491005025,0.7269036427,18.27309636,1,88.000175,0,0,-623099179.6,-495850913,0,-475270283.3,15,51.3303051
1808,0,-512763593.6,-511851597.8,110335586,111247581.8,0.2091402674,0.2108689485,911995.8056,0.00172868114,1.212310053,1.212310053,0.06069,0.159185,0,0,-623099179.6,-495850913,0,-475270283.3,16,51.34860778
1809,0,-512037948.2,-503816345.2,111061231.3,119282834.4,0.2105157226,0.226099709,8221603.08,0.01558398635,1.130624653,24.86937535,1.0044,118.957495,0,0,-623099179.6,-495850913,0,-475270283.3,17,51.36472154
1810,0,-511982087.4,-507427110.3,111117092.2,115672069.3,0.2106216065,0.219255531,4554977.058,0.008633924505,2.77232345,2.77232345,0.10277,0.125955,0,0,-623099179.6,-495850913,0,-475270283.3,18,51.38155246
1811,0,-509577779.6,-511974966,113521399.9,111124213.6,0.2151789536,0.210635105,-2397186.343,-0.004543848552,0.6124451434,0.6124451434,0.02543,0.043685,0,0,-623099179.6,-495850913,0,-475270283.3,19,51.39795375
1812,0,-511289798,-503423236.3,111809381.6,119675943.3,0.2119338357,0.2268448439,7866561.764,0.01491100823,0.2359999527,23.76400005,1,120.695275,0,0,-623099179.6,-495850913,0,-475270283.3,20,51.41340208
1813,0,-509502025,-511381456.8,113597154.6,111717722.8,0.215322546,0.2117600971,-1879431.847,-0.003562448827,1.940162603,1.940162603,0.15363,0.30024,0,0,-623099179.6,-495850913,0,-475270283.3,21,51.4290936
1814,0,-507282245,-507181197.8,115816934.6,115917981.7,0.2195301222,0.2197216562,101047.1223,0.0001915340549,0.5188933467,0.5188933467,0.02065,0.044665,0,0,-623099179.6,-495850913,0,-475270283.3,22,51.44490242
1815,0,-506938486.2,-503821017.3,116160693.4,119278162.3,0.2201817143,0.226090853,3117468.917,0.005909138715,0.3899446982,17.6100553,1,89.991395,0,0,-623099179.6,-495850913,0,-475270283.3,23,51.46123838
1816,0,-504982937.9,-506248098.8,118116241.7,116851080.8,0.2238884413,0.2214903384,-1265160.921,-0.002398102941,1.360369094,1.360369094,0.01537,0.018255,0,0,-623099179.6,-495850913,0,-475270283.3,24,51.47679543
1817,0,-506117749.6,-504717083.2,116981430,118382096.4,0.2217374143,0.2243923669,1400666.441,0.002654952628,0.1140042703,13.88599573,1,61.64777,0,0,-623099179.6,-495850913,0,-475270283.3,25,51.49348688
1818,0,-505661019.6,-636425628.8,117438159.9,-13326449.18,0.2226031425,-0.02526018346,-130764609.1,-0.2478633259,0.7552983419,323.738823,1.80127,2210.755395,0,0,-623099179.6,-495850913,0,-475270283.3,26,51.50909257
1819,0,-495850913,-492317152.2,127248266.6,130782027.4,0.2411981253,0.2478963422,3533760.841,0.006698216903,2.158067099,2.158067099,0.10129,0.113285,0,0,-623099179.6,-495850913,0,-475270283.3,27,51.56214094
1820,0,-495850913,-520664727.4,127248266.6,102434452.2,0.2411981253,0.1941637281,-24813814.42,-0.04703439725,1.235557161,17.76444284,1,9.13438,0,0,-623099179.6,-495850913,0,-475270283.3,28,51.73356056
1821,0,-495850913,-495670492.6,127248266.6,127428687,0.2411981253,0.2415401108,180420.399,0.0003419854994,1.722253251,1.722253251,0.19899,0.245785,0,0,-623099179.6,-495850913,0,-475270283.3,29,51.78593063
1822,0,-495850913,-483024180.9,127248266.6,140074998.7,0.2411981253,0.2655110989,12826732.14,0.0243129736,1.402281909,20.59771809,1,122.38594,0,0,-623099179.6,-495850913,0,-475270283.3,30,51.8022759
1823,0,-495940918.9,-495798281.1,127158260.7,127300898.4,0.2410275198,0.2412978886,142637.7626,0.0002703687983,0.9428893968,0.9428893968,0.06987,0.07218,0,0,-623099179.6,-495850913,0,-475270283.3,31,51.82638693
1824,0,-495878664.2,-489035591.7,127220515.4,134063587.9,0.2411455231,0.2541165152,6843072.483,0.01297099205,0.6381432262,19.36185677,1,114.49582,0,0,-623099179.6,-495850913,0,-475270283.3,32,51.84243679
1825,0,-495850913,-499056529.1,127248266.6,124042650.5,0.2411981253,0.2351219043,-3205616.077,-0.00607622099,1.791474878,1.791474878,0.06987,0.06987,0,0,-623099179.6,-495850913,0,-475270283.3,33,51.85823798
1826,0,-499102079.9,-494316284,123997099.7,128782895.6,0.2350355631,0.2441070029,4785795.864,0.009071439803,0.6274527412,18.37254726,1,121.33283,0,0,-623099179.6,-495850913,0,-475270283.3,34,51.8783555
1827,0,-495850913,-626921178.4,127248266.6,-3821998.85,0.2411981253,-0.007244569865,-131070265.4,-0.2484426952,1.791474878,359.0126432,1.217815,2224.719665,0,0,-623099179.6,-495850913,0,-475270283.3,35,51.89429951
1828,0,-495850913,-503740897.4,127248266.6,119358282.2,0.2411981253,0.2262427197,-7889984.351,-0.01495540556,5.724930406,5.724930406,0.09949,0.234235,0,0,-623099179.6,-495850913,0,-475270283.3,36,51.98136997
1829,0,-502468056.1,-503912900.7,120631123.5,119186278.9,0.2286553807,0.2259166886,-1444844.635,-0.00273869206,1.624890451,1.624890451,0.09949,0.21718,0,0,-623099179.6,-495850913,0,-475270283.3,37,52.15059066
1830,0,-502490749.2,-506215343.6,120608430.4,116883836,0.228612366,0.2215524256,-3724594.393,-0.007059940455,1.565309966,17.43469003,1,78.383795,0,0,-623099179.6,-495850913,0,-475270283.3,38,52.16651082
1831,0,-497879991.7,-500851703.5,125219187.9,122247476.1,0.2373520221,0.2317191649,-2971711.797,-0.005632857198,1.961835428,1.961835428,0.0457,0.08448,0,0,-623099179.6,-495850913,0,-475270283.3,39,52.18275309
1832,0,-501129316.6,-496084560.5,121969863,127014619.1,0.2311929513,0.2407552482,5044756.099,0.009562296968,0.5390016812,23.46099832,1,137.58392,0,0,-623099179.6,-495850913,0,-475270283.3,40,52.19946885
1833,0,-502265422.2,-502861385.3,120833757.3,120237794.3,0.2290394716,0.2279098282,-595963.0612,-0.001129643468,1.485060603,1.485060603,0.09949,0.14519,0,0,-623099179.6,-495850913,0,-475270283.3,41,52.21554708
1834,0,-501331789,-505313213.8,121767390.6,117785965.8,0.2308091664,0.2232624058,-3981424.827,-0.007546760597,0.8199624365,25.18003756,1,150.27839,0,0,-623099179.6,-495850913,0,-475270283.3,42,52.23310542
1835,0,-502319964.3,-501970379,120779215.3,121128800.6,0.2289360877,0.2295987239,349585.2653,0.0006626362221,0.5872545199,0.5872545199,0.0457,0.08861,0,0,-623099179.6,-495850913,0,-475270283.3,43,52.24885154
1836,0,-502338098.4,-517030321.2,120761081.2,106068858.4,0.2289017146,0.2010527176,-14692222.81,-0.02784899704,0.558814586,17.44118541,1,115.208855,0,0,-623099179.6,-495850913,0,-475270283.3,44,52.26472449
1837,0,-502790516.2,-503675901.2,120308663.4,119423278.4,0.22804416,0.2263659195,-885385.0086,-0.001678240576,0.9652896512,0.9652896512,0.09949,0.14519,0,0,-623099179.6,-495850913,0,-475270283.3,45,52.28043604
1838,0,-502146304.9,-505582840.1,120952874.7,117516339.5,0.2292652577,0.2227513312,-3436535.254,-0.006513926539,0.8199624365,10.18003756,1,52.284475,0,0,-623099179.6,-495850913,0,-475270283.3,46,52.29687834
1839,0,-500874026.4,-541287171.8,122225153.2,81812007.81,0.2316768519,0.155074041,-40413145.39,-0.07660281092,0.6195884129,347.2606473,1.242165,2417.39379,0,0,-623099179.6,-495850913,0,-475270283.3,47,52.31253576
1840,0,-495850913,-491921936.9,127248266.6,131177242.7,0.2411981253,0.2486454698,3928976.134,0.007447344496,10.63037619,10.63037619,0.14961,0.33374,0,0,-623099179.6,-495850913,0,-475270283.3,48,52.39376211
1841,0,-495850913,-495820129.5,127248266.6,127279050.1,0.2411981253,0.2412564751,30783.47133,5.834983669e-05,4.17181636,4.17181636,0.14896,0.43026,0,0,-623099179.6,-495850913,0,-475270283.3,49,52.59802175
1842,0,-498022722.3,-495410962.5,125076457.3,127688217.1,0.2370814773,0.2420320482,2611759.763,0.004950570845,1.903058212,1.903058212,0.14896,0.319885,0,0,-623099179.6,-490440942.3,0,-475270283.3,0,52.6197927
1843,0,-498022722.3,-494177678.6,125076457.3,128921501,0.2370814773,0.2443697285,3845043.715,0.007288251233,1.903058212,18.09694179,1,74.717575,0,0,-623099179.6,-495850913,0,-475270283.3,1,52.63160467
1844,0,-495850913,-498832224.1,127248266.6,124266955.5,0.2411981253,0.2355470728,-2981311.045,-0.0056510525,1.810878934,1.810878934,0.0453,0.088815,0,0,-623099179.6,-495850913,0,-475270283.3,2,52.65146899
1845,0,-498855403.7,-500320912.2,124243775.9,122778267.4,0.235503136,0.2327252757,-1465508.496,-0.002777860251,1.071792164,17.92820784,1,92.423995,0,0,-623099179.6,-495850913,0,-475270283.3,3,52.67099237
1846,0,-495850913,-498290816.9,127248266.6,124808362.7,0.2411981253,0.236573306,-2439903.882,-0.004624819325,1.76268701,1.76268701,0.06228,0.19857,0,0,-623099179.6,-495850913,0,-475270283.3,4,52.68888307
1847,0,-499560976,-494689599.4,123538203.6,128409580.2,0.234165729,0.2433993864,4871376.598,0.009233657438,1.541123663,11.45887634,1,29.407735,0,0,-623099179.6,-495850913,0,-475270283.3,5,52.70697403
1848,0,-495850913,-501434608.6,127248266.6,121664570.9,0.2411981253,0.2306142725,-5583695.643,-0.01058385279,2.895009671,2.895009671,0.0453,0.119335,0,0,-623099179.6,-495850913,0,-475270283.3,6,52.72463822
1849,0,-500719849.6,-492705835.3,122379330,130393344.3,0.2319690929,0.2471595962,8014014.285,0.01519050337,1.238977584,18.76102242,1,103.416045,0,0,-623099179.6,-495850913,0,-475270283.3,7,52.742939
1850,0,-495850913,-509015719.1,127248266.6,114083460.5,0.2411981253,0.2162443351,-13164806.09,-0.02495379021,2.274686752,318.4227672,1.10808,2099.83954,0,0,-623099179.6,-495850913,0,-475270283.3,8,52.76217723
1851,0,-495850913,-518615832.6,127248266.6,104483347,0.2411981253,0.1980473926,-22764919.63,-0.04315073269,10.03359224,10.03359224,0.31085,0.598745,0,0,-623099179.6,-495850913,0,-475270283.3,9,52.85758471
1852,0,-506837511.2,-522318685.6,116261668.4,100780494,0.2203731117,0.1910286629,-15481174.44,-0.02934444886,4.447667274,4.447667274,0.31085,0.56337,0,0,-623099179.6,-495850913,0,-475270283.3,10,53.02215195
1853,0,-506967773.7,-483695086.5,116131405.9,139404093.1,0.2201262,0.2642394023,23272687.19,0.04411320226,4.430314529,8.236882753,1,3.19208,0,0,-623099179.6,-495850913,0,-475270283.3,11,53.03905368
1854,0,-495850913,-499961414.3,127248266.6,123137765.3,0.2411981253,0.2334067012,-4110501.321,-0.007791424114,2.516172469,2.516172469,0.07148,0.19208,0,0,-623099179.6,-495850913,0,-475270283.3,12,53.05848742
1855,0,-501581434.3,-523235091.9,121517745.3,99864087.65,0.2303359656,0.1892916216,-21653657.64,-0.04104434401,1.24954475,22.75045525,1,123.642645,0,0,-623099179.6,-495850913,0,-475270283.3,13,53.07606411
1856,0,-507016723.6,-511479852.1,116082456,111619327.5,0.220033416,0.2115735897,-4463128.513,-0.008459826285,2.161779214,2.161779214,0.06587,0.19078,0,0,-623099179.6,-495850913,0,-475270283.3,14,53.09268761
1857,0,-509148138.2,-496030112.8,113951041.4,127069066.8,0.2159933356,0.2408584534,13118025.4,0.02486511776,1.283635577,23.71636442,1.10587,120.037945,0,0,-623099179.6,-495850913,0,-475270283.3,15,53.11083341
1858,0,-514034227.8,-518219395.5,109064951.8,104879784.1,0.20673179,0.1987988363,-4185167.719,-0.007932953705,1.883718077,1.883718077,0.08227,0.150145,0,0,-623099179.6,-495850913,0,-475270283.3,16,53.12872839
1859,0,-515396583.3,-517797769.1,107702596.3,105301410.4,0.2041494553,0.1995980258,-2401185.831,-0.004551429551,1.70712642,1.70712642,0.05691,0.124175,0,0,-623099179.6,-495850913,0,-475270283.3,17,53.14510274
1860,0,-516511149.7,-506334947.4,106588029.9,116764232.2,0.2020368031,0.2213257175,10176202.3,0.01928891436,1.352436491,12.64756351,1,41.565135,0,0,-623099179.6,-495850913,0,-475270283.3,18,53.16196918
1861,0,-506807421.9,-506697365.7,116291757.7,116401813.9,0.2204301457,0.2206387564,110056.2017,0.0002086106966,1.834811072,1.834811072,0.17668,0.24596,0,0,-623099179.6,-495850913,0,-475270283.3,19,53.1791842
1862,0,-507005844.4,-501691273.9,116093335.2,121407905.7,0.2200540374,0.2301277655,5314570.482,0.01007372809,1.42237553,18.57762447,1,105.77102,0,0,-623099179.6,-495850913,0,-475270283.3,20,53.19509292
1863,0,-506300028.8,-503605901.2,116799150.8,119493278.4,0.2213919054,0.2264986039,2694127.624,0.005106698501,2.517557563,2.517557563,0.13672,0.292415,0,0,-623099179.6,-495850913,0,-475270283.3,21,53.21182275
1864,0,-505182020.1,-508355660.6,117917159.5,114743519,0.2235110826,0.217495471,-3173640.493,-0.006015611512,2.297038504,17.7029615,1,92.033455,0,0,-623099179.6,-495850913,0,-475270283.3,22,53.22825575
1865,0,-506180758.8,-506464994.3,116918420.8,116634185.3,0.2216179809,0.2210792146,-284235.5321,-0.0005387662978,2.3212034,2.3212034,0.17668,0.3133,0,0,-623099179.6,-495850913,0,-475270283.3,23,53.2448771
1866,0,-506711132,-501320723.3,116388047.6,121778456.3,0.2206126625,0.2308301414,5390408.727,0.01021747891,2.033524586,18.96647541,1,93.778705,0,0,-623099179.6,-495850913,0,-475270283.3,24,53.26240396
1867,0,-505941961,-503373529.8,117157218.6,119725649.8,0.2220706204,0.2269390621,2568431.136,0.004868441761,2.402741369,2.402741369,0.13672,0.267325,0,0,-623099179.6,-495850913,0,-475270283.3,25,53.27926326
1868,0,-504913696,-506788246.6,118185483.6,116310933,0.2240196888,0.2204664923,-1874550.604,-0.003553196468,2.205855704,27.7941443,1,127.852265,0,0,-623099179.6,-495850913,0,-475270283.3,26,53.29577422
1869,0,-504149837.7,-504236193.8,118949341.9,118862985.8,0.2254675765,0.2253038892,-86356.07881,-0.0001636872932,2.082852305,2.082852305,0.16482,0.238765,0,0,-623099179.6,-495850913,0,-475270283.3,27,53.31328607
1870,0,-504309959.6,-489934484.6,118789220,133164695,0.2251640665,0.2524126705,14375475,0.02724860395,1.445864634,17.55413537,1,69.75419,0,0,-623099179.6,-495850913,0,-475270283.3,28,53.33033586
1871,0,-495850913,-499261200.2,127248266.6,123837979.4,0.2411981253,0.2347339517,-3410287.224,-0.006464173597,2.396927146,2.396927146,0.12086,0.313995,0,0,-623099179.6,-495850913,0,-475270283.3,29,53.34841585
1872,0,-499448213.9,-499970238.6,123650965.7,123128941,0.2343794687,0.2333899749,-522024.6559,-0.0009894937804,2.069671167,2.069671167,0.09243,0.260915,0,0,-623099179.6,-495850913,0,-475270283.3,30,53.36652756
1873,0,-500016544.7,-506730823.3,123082634.9,116368356.3,0.2333022019,0.2205753379,-6714278.513,-0.01272686405,2.019500908,27.98049909,1,163.98883,0,0,-623099179.6,-495850913,0,-475270283.3,31,53.38313055
1874,0,-502115902.6,-499201232.4,120983277,123897947.2,0.229322885,0.2348476203,2914670.229,0.005524735339,2.192323306,2.192323306,0.10283,0.231125,0,0,-623099179.6,-495850913,0,-475270283.3,32,53.40042543
1875,0,-500917779.6,-491038162.3,122181400,132061017.3,0.2315939181,0.2503206578,9879617.262,0.01872673967,1.81440291,12.18559709,1,30.49444,0,0,-623099179.6,-495850913,0,-475270283.3,33,53.4173491
1876,0,-496742710.8,-501823365.7,126356468.8,121275813.9,0.2395077293,0.2298773864,-5080654.883,-0.009630342841,2.027842691,2.027842691,0.12086,0.19056,0,0,-623099179.6,-495850913,0,-475270283.3,34,53.43560934
1877,0,-499546096.7,-473853444.9,123553082.9,149245734.7,0.2341939326,0.2828941595,25692651.81,0.04870022686,1.325393156,13.67460684,1,51.56246,0,0,-623099179.6,-495850913,0,-475270283.3,35,53.45187664
1878,0,-495850913,-504813110.7,127248266.6,118286068.9,0.2411981253,0.2242103474,-8962197.72,-0.01698777788,2.419138029,2.419138029,0.1128,0.16971,0,0,-623099179.6,-495850913,0,-475270283.3,36,53.47049046
1879,0,-501848560.6,-487326888.9,121250619,135772290.7,0.2298296298,0.2573553485,14521671.7,0.02752571869,1.807602129,21.19239787,1.07329,116.84519,0,0,-623099179.6,-495850913,0,-475270283.3,37,53.4914701
1880,0,-495850913,-494228700.1,127248266.6,128870479.5,0.2411981253,0.2442730175,1622212.871,0.003074892208,2.19766286,2.19766286,0.10818,0.238785,0,0,-623099179.6,-495850913,0,-475270283.3,38,53.50955296
1881,0,-495850913,-509149589.6,127248266.6,113949590,0.2411981253,0.2159905846,-13298676.57,-0.02520754069,1.907745871,19.09225413,1,74.691,0,0,-623099179.6,-495850913,0,-475270283.3,39,53.5317297
1882,0,-497998161.3,-495719644.9,125101018.3,127379534.7,0.2371280324,0.241446943,2278516.433,0.004318910638,2.369753189,2.369753189,0.05691,0.14624,0,0,-623099179.6,-495850913,0,-475270283.3,40,53.55455756
1883,0,-496114880.1,-501438838,126984299.5,121660341.6,0.2406977776,0.2306062558,-5323957.872,-0.01009152181,1.200318457,19.79968154,1,121.32776,0,0,-623099179.6,-495850913,0,-475270283.3,41,53.57180691
1884,0,-496988730.6,-488592906.8,126110449,134506272.8,0.2390414006,0.2549556211,8395823.855,0.01591422051,1.91498582,1.91498582,0.09295,0.211115,0,0,-623099179.6,-495850913,0,-475270283.3,42,53.58824086
1885,0,-495850913,-496125905.4,127248266.6,126973274.2,0.2411981253,0.2406768794,-274992.3497,-0.0005212459157,0.7103095047,0.7103095047,0.05691,0.089945,0,0,-623099179.6,-495850913,0,-475270283.3,43,53.60476708
1886,0,-496351087.7,-503852726.8,126748091.9,119246452.8,0.240250048,0.2260307479,-7501639.083,-0.01421930005,0.643911683,16.35608832,1,110.731185,0,0,-623099179.6,-495850913,0,-475270283.3,44,53.62164664
1887,0,-495850913,-489230535.1,127248266.6,133868644.5,0.2411981253,0.2537470015,6620377.899,0.01254887615,1.6595446,1.6595446,0.09295,0.21747,0,0,-623099179.6,-495850913,0,-475270283.3,45,53.63785791
1888,0,-495850913,-496763533.7,127248266.6,126335645.9,0.2411981253,0.2394682597,-912620.6835,-0.001729865592,0.7649237044,0.7649237044,0.063265,0.0963,0,0,-623099179.6,-495850913,0,-475270283.3,46,53.65480971
1889,0,-496385876.1,-503631838.2,126713303.5,119467341.4,0.2401841068,0.2264494406,-7245962.081,-0.01373466623,0.6939077494,15.30609225,1,101.96238,0,0,-623099179.6,-495850913,0,-475270283.3,47,53.67248654
1890,0,-495850913,-626653553.3,127248266.6,-3554373.668,0.2411981253,-0.00673728836,-130802640.3,-0.2479354137,1.616652069,339.3833479,1.230095,2257.584505,0,0,-623099179.6,-495850913,0,-475270283.3,48,53.6888063
1891,0,-495850913,-495336591.3,127248266.6,127762588.3,0.2411981253,0.2421730181,514321.6666,0.0009748928227,8.521694965,8.521694965,0.20501,0.363045,0,0,-623099179.6,-495850913,0,-475270283.3,49,53.75025535
1892,0,-489654491.2,-486061294.4,133444688.4,137037885.2,0.2529433959,0.2597542731,3593196.755,0.006810877227,2.494085168,2.494085168,0.050065,0.14048,0,0,-623099179.6,-489654491.2,0,-475270283.3,0,53.90535021
1893,0,-495850913,-487873921.7,127248266.6,135225257.9,0.2411981253,0.2563184519,7976991.309,0.0151203266,2.774016814,2.774016814,0.07154,0.161955,0,0,-623099179.6,-495850913,0,-475270283.3,1,53.93700147
1894,0,-495850913,-495406920.3,127248266.6,127692259.3,0.2411981253,0.2420397102,443992.7272,0.0008415848508,1.814794611,1.814794611,0.07154,0.17951,0,0,-623099179.6,-495850913,0,-475270283.3,2,53.95736837
1895,0,-495850913,-498044667.2,127248266.6,125054512.4,0.2411981253,0.2370398808,-2193754.236,-0.004158244535,1.684627799,21.3153722,1,84.7324,0,0,-623099179.6,-495850913,0,-475270283.3,3,53.98534536
1896,0,-495850913,-490497366.8,127248266.6,132601812.8,0.2411981253,0.2513457317,5353546.251,0.01014760636,2.943366251,2.943366251,0.09218,0.1925,0,0,-623099179.6,-495850913,0,-475270283.3,4,54.02563119
1897,0,-495850913,-495045222.4,127248266.6,128053957.2,0.2411981253,0.2427253057,805690.596,0.001527180421,1.664095358,1.664095358,0.056705,0.162295,0,0,-623099179.6,-495850913,0,-475270283.3,5,54.04622412
1898,0,-495850913,-504100380.3,127248266.6,118998799.3,0.2411981253,0.2255613226,-8249467.284,-0.01563680274,1.475651782,22.52434822,1,119.360775,0,0,-623099179.6,-495850913,0,-475270283.3,6,54.06406927
1899,0,-500739652.1,-493171029.7,122359527.5,129928149.9,0.2319315574,0.2462778238,7568622.42,0.01434626646,4.852973229,4.852973229,0.40931,0.57439,0,0,-623099179.6,-495850913,0,-475270283.3,7,54.08177042
1900,0,-495850913,-494460637.4,127248266.6,128638542.2,0.2411981253,0.2438333822,1390275.592,0.002635256852,0.9450119684,0.9450119684,0.04446,0.08669,0,0,-623099179.6,-495850913,0,-475270283.3,8,54.10088563
1901,0,-495850913,-508609629.7,127248266.6,114489549.9,0.2411981253,0.2170140746,-12758716.65,-0.02418405075,0.699208661,14.30079134,1,33.44442,0,0,-623099179.6,-495850913,0,-475270283.3,9,54.11880827
1902,0,-498158114.7,-496497217.9,124941064.9,126601961.7,0.236824842,0.2399730593,1660896.822,0.003148217344,2.3994603,2.3994603,0.24294,0.289685,0,0,-623099179.6,-495850913,0,-475270283.3,10,54.13951898
1903,0,-495850913,-493238969.9,127248266.6,129860209.7,0.2411981253,0.2461490436,2611943.068,0.004950918298,0.9701836689,0.9701836689,0.02686,0.06204,0,0,-623099179.6,-495850913,0,-475270283.3,11,54.15621591
1904,0,-495850913,-517015738.5,127248266.6,106083441.1,0.2411981253,0.2010803589,-21164825.49,-0.04011776637,0.8475125681,9.152487432,1,16.488575,0,0,-623099179.6,-495850913,0,-475270283.3,12,54.17464948
1905,0,-505246359.5,-501283596.6,117852820,121815582.9,0.2233891276,0.2309005146,3962762.902,0.00751138706,2.046797898,2.046797898,0.05351,0.16067,0,0,-623099179.6,-495850913,0,-475270283.3,13,54.20370388
1906,0,-501351351.7,-503330618.3,121747827.9,119768561.2,0.2307720854,0.2270204005,-1979266.627,-0.003751684896,1.123038965,16.87696104,1,82.48964,0,0,-623099179.6,-495850913,0,-475270283.3,14,54.22084188
1907,0,-502431081.3,-499876295.2,120668098.3,123222884.4,0.2287254661,0.2335680439,2554786.12,0.004842577735,2.682316395,2.682316395,0.24294,0.33931,0,0,-623099179.6,-495850913,0,-475270283.3,15,54.23702979
1908,0,-499419412.1,-496618047.3,123679767.5,126481132.3,0.2344340623,0.2397440281,2801364.835,0.005309965822,1.688167782,1.688167782,0.05586,0.163805,0,0,-623099179.6,-495850913,0,-475270283.3,16,54.25293112
1909,0,-496814157,-505915336.5,126285022.6,117183843.1,0.2393723036,0.2221210869,-9101179.468,-0.01725121673,1.438035856,8.561964144,1,19.28858,0,0,-623099179.6,-495850913,0,-475270283.3,17,54.2687192
1910,0,-499004071.7,-499354567.7,124095107.9,123744611.9,0.2352213369,0.2345569744,-350496.0101,-0.0006643625318,1.212686024,1.212686024,0.05732,0.14222,0,0,-623099179.6,-495850913,0,-475270283.3,18,54.28479719
1911,0,-499126609.8,-493271534.2,123972569.8,129827645.4,0.2349890669,0.2460873183,5855075.589,0.01109825142,0.8591899435,26.14081006,1,143.17456,0,0,-623099179.6,-495850913,0,-475270283.3,19,54.30116725
1912,0,-495850913,-490512234.4,127248266.6,132586945.2,0.2411981253,0.2513175503,5338678.654,0.01011942494,2.964627267,2.964627267,0.20789,0.36923,0,0,-623099179.6,-495850913,0,-475270283.3,20,54.31800079
1913,0,-495850913,-501541137.1,127248266.6,121558042.5,0.2411981253,0.2304123487,-5690224.089,-0.01078577665,2.010564336,2.010564336,0.05586,0.192325,0,0,-623099179.6,-495850913,0,-475270283.3,21,54.33591509
1914,0,-501633309.7,-509310509.5,121465869.9,113788670.1,0.2302376362,0.2156855621,-7677199.852,-0.01455207416,1.270155583,11.72984442,1,49.25814,0,0,-623099179.6,-495850913,0,-475270283.3,22,54.35261154
1915,0,-503051608.4,-500889157.7,120047571.1,122210021.9,0.2275492617,0.2316481707,2162450.74,0.004098908995,2.040965304,2.040965304,0.24294,0.298715,0,0,-623099179.6,-495850913,0,-475270283.3,23,54.36866593
1916,0,-500051319.9,-497630909.8,123047859.7,125468269.8,0.2332362858,0.2378241549,2420410.137,0.004587869079,1.019002421,1.019002421,0.05214,0.12321,0,0,-623099179.6,-495850913,0,-475270283.3,24,54.38482356
1917,0,-497446064.8,-496056482,125653114.8,127042697.6,0.2381745272,0.2408084709,1389582.828,0.002633943723,0.768870495,28.23112951,1,159.666195,0,0,-623099179.6,-495850913,0,-475270283.3,25,54.40057611
1918,0,-495850913,-492235892.3,127248266.6,130863287.3,0.2411981253,0.2480503697,3615020.735,0.006852244417,1.538061998,1.538061998,0.05732,0.156815,0,0,-623099179.6,-495850913,0,-475270283.3,26,54.41816354
1919,0,-495850913,-506918465.7,127248266.6,116180713.9,0.2411981253,0.220219663,-11067552.69,-0.02097846228,1.505884985,11.49411502,1,41.48096,0,0,-623099179.6,-495850913,0,-475270283.3,27,54.43774128
1920,0,-496331899.8,-497996368.8,126767279.8,125102810.8,0.2402864184,0.2371314301,-1664468.972,-0.003154988326,1.364322422,1.364322422,0.056315,0.15022,0,0,-623099179.6,-495850913,0,-475270283.3,28,54.46302724
1921,0,-496374880.1,-490834490.8,126724299.5,132264688.8,0.2402049496,0.2507067156,5540389.361,0.01050176606,0.9949000915,25.00509991,1,137.104315,0,0,-623099179.6,-495850913,0,-475270283.3,29,54.47902369
1922,0,-495850913,-496438805.8,127248266.6,126660373.8,0.2411981253,0.240083779,-587892.7647,-0.001114346282,1.595325118,1.595325118,0.05732,0.164845,0,0,-623099179.6,-495850913,0,-475270283.3,30,54.49930453
1923,0,-497304260.3,-502089093.2,125794919.3,121010086.4,0.2384433165,0.229373702,-4784832.917,-0.009069614546,1.171677481,18.82832252,1,109.85798,0,0,-623099179.6,-495850913,0,-475270283.3,31,54.52102065
1924,0,-497653547.3,-498183346.1,125445632.3,124915833.5,0.2377812457,0.236777016,-529798.8794,-0.001004229762,2.722995279,2.722995279,0.05586,0.12135,0,0,-623099179.6,-495850913,0,-475270283.3,32,54.53719807
1925,0,-498001660.6,-501548350.7,125097519,121550828.8,0.2371213996,0.2303986752,-3546690.153,-0.006722724316,1.598713624,21.40128638,1,122.883825,0,0,-623099179.6,-495850913,0,-475270283.3,33,54.55426669
1926,0,-495850913,-492528578.4,127248266.6,130570601.1,0.2411981253,0.2474955853,3322334.557,0.006297459983,2.602309116,2.602309116,0.20789,0.327155,0,0,-623099179.6,-495850913,0,-475270283.3,34,54.5711534
1927,0,-497391669.4,-497076434.1,125707510.2,126022745.5,0.2382776332,0.2388751594,315235.3069,0.0005975261361,0.7404629028,0.7404629028,0.05732,0.10956,0,0,-623099179.6,-495850913,0,-475270283.3,35,54.59192038
1928,0,-497403887.2,-490724006.2,125695292.4,132375173.4,0.2382544745,0.2509161384,6679881.044,0.01266166391,0.7377764072,23.26222359,1,121.312595,0,0,-623099179.6,-495850913,0,-475270283.3,36,54.60759282
1929,0,-495850913,-494619323.5,127248266.6,128479856.1,0.2411981253,0.2435325939,1231589.533,0.002334468629,1.516403293,1.516403293,0.05586,0.174325,0,0,-623099179.6,-495850913,0,-475270283.3,37,54.62502003
1930,0,-495850913,-517612559.2,127248266.6,105486620.4,0.2411981253,0.1999490899,-21761646.17,-0.04124903545,1.306540524,20.69345948,1,109.81749,0,0,-623099179.6,-495850913,0,-475270283.3,38,54.64283371
1931,0,-513143351.9,-517447991.8,109955827.7,105651187.8,0.2084204384,0.2002610261,-4304639.888,-0.008159412296,2.761706182,2.761706182,0.17412,0.443955,0,0,-623099179.6,-495850913,0,-475270283.3,39,54.66322732
1932,0,-521454092.9,-518157030.1,101645086.7,104942149.5,0.1926674918,0.1989170493,3297062.762,0.006249557488,1.822027772,1.822027772,0.17412,0.307905,0,0,-623099179.6,-495850913,0,-475270283.3,40,54.67940569
1933,0,-521131915.8,-503433522.9,101967263.8,119665656.7,0.193278176,0.2268253457,17698392.95,0.03354716976,1.79132341,23.20867659,1,84.457975,0,0,-623099179.6,-495850913,0,-475270283.3,41,54.69803476
1934,0,-495850913,-492474376.6,127248266.6,130624803,0.2411981253,0.2475983245,3376536.432,0.006400199228,3.42932014,3.42932014,0.2655,0.373025,0,0,-623099179.6,-495850913,0,-475270283.3,42,54.71854782
1935,0,-495850913,-498355157.3,127248266.6,124744022.3,0.2411981253,0.2364513492,-2504244.311,-0.00474677612,2.364897005,2.364897005,0.26032,0.367845,0,0,-623099179.6,-495850913,0,-475270283.3,43,54.73820853
1936,0,-498020521,-495530959.6,125078658.6,127568220,0.2370856497,0.2418045946,2489561.459,0.004718944885,1.650440504,1.650440504,0.05732,0.209085,0,0,-623099179.6,-495850913,0,-475270283.3,44,54.75883746
1937,0,-495850913,-500577349.8,127248266.6,122521829.8,0.2411981253,0.2322392003,-4726436.751,-0.008958925055,1.584391626,19.41560837,1,72.234285,0,0,-623099179.6,-495850913,0,-475270283.3,45,54.77576041
1938,0,-495850913,-496890904,127248266.6,126208275.6,0.2411981253,0.2392268303,-1039990.979,-0.001971295022,2.022186339,2.022186339,0.05586,0.127685,0,0,-623099179.6,-495850913,0,-475270283.3,46,54.79651928
1939,0,-496585136.2,-498134637,126514043.4,124964542.6,0.2398064108,0.2368693437,-1549500.826,-0.002937067077,1.302652764,10.69734724,1,40.224145,0,0,-623099179.6,-495850913,0,-475270283.3,47,54.81983209
1940,0,-495850913,-489920867.3,127248266.6,133178312.3,0.2411981253,0.2524384821,5930045.738,0.01124035677,2.367006337,2.367006337,0.05214,0.13124,0,0,-623099179.6,-495850913,0,-475270283.3,48,54.83757544
1941,0,-495850913,-517726026.6,127248266.6,105373153,0.2411981253,0.1997340132,-21875113.6,-0.04146411211,1.668637595,13.33136241,1,39.65915,0,0,-623099179.6,-495850913,0,-475270283.3,49,54.8554163
1942,0,-509195304.8,-509340253.5,113903874.8,113758926.1,0.2159039318,0.2156291827,-144948.6958,-0.0002747491547,1.310762515,1.310762515,0.05586,0.131505,0,0,-623099179.6,-483312695.1,0,-475270283.3,0,54.87888622
1943,0,-508806011.3,-497727389.2,114293168.3,125371790.4,0.2166418347,0.237641279,11078622.09,0.02099944424,0.9887388263,10.01126117,1,26.6012,0,0,-623099179.6,-495850913,0,-475270283.3,1,54.89587235
1944,0,-495850913,-494436035.2,127248266.6,128663144.4,0.2411981253,0.2438800154,1414877.78,0.002681890113,1.461202301,1.461202301,0.05214,0.136655,0,0,-623099179.6,-495850913,0,-475270283.3,2,54.91329288
1945,0,-495850913,-503676131.8,127248266.6,119423047.8,0.2411981253,0.2263654823,-7825218.834,-0.01483264302,1.082761416,28.91723858,1,148.26999,0,0,-623099179.6,-495850913,0,-475270283.3,3,54.93072176
1946,0,-502837933.9,-510198500.1,120261245.7,112900679.5,0.2279542801,0.2140023826,-7360566.22,-0.01395189751,2.37839605,2.37839605,0.06026,0.17767,0,0,-623099179.6,-495850913,0,-475270283.3,4,54.95189595
1947,0,-508719105.9,-510818222.4,114380073.7,112280957.2,0.2168065631,0.2128277037,-2099116.489,-0.003978859402,1.247595561,11.75240444,1,45.15965,0,0,-623099179.6,-495850913,0,-475270283.3,5,54.97271681
1948,0,-500587615.7,-502827280.5,122511563.9,120271899.1,0.2322197413,0.2279744736,-2239664.806,-0.004245267673,1.061502795,1.061502795,0.05214,0.109795,0,0,-623099179.6,-495850913,0,-475270283.3,6,54.98906541
1949,0,-501373670,-488153074.6,121725509.6,134946105,0.2307297812,0.2557893197,13220595.43,0.02505953848,0.7639961389,20.23600386,1,94.4561,0,0,-623099179.6,-495850913,0,-475270283.3,7,55.00516558
1950,0,-495850913,-497432263,127248266.6,125666916.6,0.2411981253,0.2382006884,-1581349.958,-0.002997436865,1.383616115,1.383616115,0.05586,0.11294,0,0,-623099179.6,-495850913,0,-475270283.3,8,55.02281833
1951,0,-497528462.8,-501475169,125570716.8,121624010.6,0.2380183423,0.2305373906,-3946706.207,-0.007480951715,0.9554653826,26.04453462,1,150.89657,0,0,-623099179.6,-495850913,0,-475270283.3,9,55.04229903
1952,0,-498896733.3,-498285797,124202446.3,124813382.6,0.235424796,0.2365828211,610936.2817,0.001158025094,1.3606577,1.3606577,0.05586,0.06921,0,0,-623099179.6,-495850913,0,-475270283.3,10,55.05825019
1953,0,-498785589,-514895331.1,124313590.6,108203848.5,0.2356354691,0.2050995752,-16109742.02,-0.03053589396,1.357414105,19.64258589,1,122.245765,0,0,-623099179.6,-495850913,0,-475270283.3,11,55.07396841
1954,0,-503370621.9,-504550938.4,119728557.7,118548241.2,0.226944574,0.2247072931,-1180316.45,-0.002237280889,1.109289388,1.109289388,0.06026,0.13831,0,0,-623099179.6,-495850913,0,-475270283.3,12,55.08987045
1955,0,-505295586.7,-496400981.5,117803592.9,126698198.1,0.2232958179,0.2401554747,8894605.226,0.01685965682,0.811782732,9.188217268,1,34.868715,0,0,-623099179.6,-495850913,0,-475270283.3,13,55.10585189
1956,0,-500234546.8,-501627125.8,122864632.8,121472053.7,0.2328889808,0.2302493576,-1392579.094,-0.002639623123,1.596757168,1.596757168,0.05586,0.185995,0,0,-623099179.6,-495850913,0,-475270283.3,14,55.12197113
1957,0,-503583279.9,-511751978.1,119515899.7,111347201.5,0.2265414825,0.2110577769,-8168698.187,-0.01548370553,1.200626344,11.79937366,1,44.459645,0,0,-623099179.6,-495850913,0,-475270283.3,15,55.1403749
1958,0,-498896733.3,-591397321.1,124202446.3,31701858.54,0.235424796,0.0600906327,-92500587.75,-0.1753341633,1.3606577,342.5027079,1.064355,2192.964595,0,0,-623099179.6,-495850913,0,-475270283.3,16,55.15652847
1959,0,-504743594.7,-503002894.2,118355584.9,120096285.3,0.2243421145,0.227641599,1740700.457,0.00329948453,11.10204241,11.10204241,0.19004,0.448915,0,0,-623099179.6,-495850913,0,-475270283.3,17,55.2236402
1960,0,-504314889.2,-501614560.9,118784290.4,121484618.7,0.2251547226,0.2302731745,2700328.338,0.005118451907,3.292537181,3.292537181,0.10529,0.234575,0,0,-623099179.6,-495850913,0,-475270283.3,18,55.46130991
1961,0,-503837805.3,-496654790.5,119261374.3,126444389.1,0.2260590315,0.2396743817,7183014.822,0.01361535018,1.963594676,9.036405324,1,7.3948,0,0,-623099179.6,-495850913,0,-475270283.3,19,55.47999334
1962,0,-502120072.8,-500299059.8,120979106.8,122800119.8,0.2293149804,0.2327666968,1821013.032,0.003451716406,4.591233456,4.591233456,0.10028,0.239715,0,0,-623099179.6,-495850913,0,-475270283.3,20,55.4982295
1963,0,-497277413.8,-484866894.6,125821765.8,138232285,0.2384942038,0.262018249,12410519.24,0.02352404521,1.969115349,14.03088465,1,58.362375,0,0,-623099179.6,-495850913,0,-475270283.3,21,55.51582384
1964,0,-495850913,-501227957,127248266.6,121871222.6,0.2411981253,0.2310059791,-5377044.012,-0.01019214619,1.651027356,1.651027356,0.06079,0.152315,0,0,-623099179.6,-495850913,0,-475270283.3,22,55.5349555
1965,0,-497849385.3,-481993805.6,125249794.2,141105374,0.2374100361,0.2674641674,15855579.73,0.03005413127,1.353494275,13.64650573,1,46.771735,0,0,-623099179.6,-495850913,0,-475270283.3,23,55.5577209
1966,0,-495850913,-500590328.7,127248266.6,122508850.9,0.2411981253,0.2322145988,-4739415.679,-0.008983526514,2.564928369,2.564928369,0.06079,0.193805,0,0,-623099179.6,-495850913,0,-475270283.3,24,55.57577682
1967,0,-497659466.3,-485485677.4,125439713.3,137613502.2,0.2377700262,0.2608453509,12173788.9,0.02307532464,1.584396643,16.41560336,1,77.346865,0,0,-623099179.6,-495850913,0,-475270283.3,25,55.59630108
1968,0,-495850913,-610881406,127248266.6,12217773.55,0.2411981253,0.02315869721,-115030493,-0.2180394281,2.564928369,314.2985637,1.92792,2015.170545,0,0,-623099179.6,-495850913,0,-475270283.3,26,55.61461449
1969,0,-503548769.9,-526540311.9,119550409.7,96558867.66,0.226606896,0.1830266021,-22991542.08,-0.04358029382,11.29998961,11.29998961,0.244225,0.50554,0,0,-623099179.6,-495850913,0,-475270283.3,27,55.71457863
1970,0,-517156997.7,-519084227.9,105942181.9,104014951.7,0.2008126031,0.197159553,-1927230.129,-0.00365305011,2.656539062,2.656539062,0.078755,0.218915,0,0,-623099179.6,-495850913,0,-475270283.3,28,55.86529469
1971,0,-517587135,-509636865.1,105512044.6,113462314.5,0.1999972812,0.2150669576,7950269.925,0.01506967641,2.097448555,9.902551445,1,2.424795,0,0,-623099179.6,-495850913,0,-475270283.3,29,55.89437819
1972,0,-497859789.4,-490876419,125239390.2,132222760.6,0.2373903153,0.250627241,6983370.401,0.01323692569,3.465078413,3.465078413,0.16676,0.478305,0,0,-623099179.6,-495850913,0,-475270283.3,30,55.91903806
1973,0,-495850913,-511947709,127248266.6,111151470.6,0.2411981253,0.2106867704,-16096796.01,-0.03051135489,3.081451592,11.96772371,0.180285,0.463735,0,0,-623099179.6,-495850913,0,-475270283.3,31,55.93998766
1974,0,-506926289.2,-511240434.7,116172890.4,111858744.9,0.2202048337,0.2120274035,-4314145.571,-0.008177430246,2.568683381,2.568683381,0.085545,0.30894,0,0,-623099179.6,-495850913,0,-475270283.3,32,55.96938634
1975,0,-506907148.1,-488032980.1,116192031.5,135066199.5,0.2202411154,0.2560169579,18874167.99,0.03577584244,2.497284027,23.50271597,1.10684,118.296175,0,0,-623099179.6,-495850913,0,-475270283.3,33,55.98565817
1976,0,-495850913,-496825798.5,127248266.6,126273381.1,0.2411981253,0.2393502372,-974885.5243,-0.001847888126,2.208332377,2.208332377,0.09554,0.394735,0,0,-623099179.6,-495850913,0,-475270283.3,34,56.00338864
1977,0,-495850913,-498305781.6,127248266.6,124793398,0.2411981253,0.2365449404,-2454868.616,-0.004653184865,2.038902305,7.961097695,1,6.737835,0,0,-623099179.6,-495850913,0,-475270283.3,35,56.02341509
1978,0,-495850913,-495107745.1,127248266.6,127991434.5,0.2411981253,0.2426067944,743167.8764,0.00140866908,1.417869302,1.417869302,0.05677,0.100115,0,0,-623099179.6,-495850913,0,-475270283.3,36,56.04960012
1979,0,-495937507.1,-492514774.8,127161672.5,130584404.8,0.2410339868,0.24752175,3422732.305,0.006487763154,0.7663115921,20.23368841,1,121.44848,0,0,-623099179.6,-495850913,0,-475270283.3,37,56.06838727
1980,0,-495850913,-495838801.8,127248266.6,127260377.8,0.2411981253,0.241221082,12111.22071,2.29567271e-05,1.781143385,1.781143385,0.070805,0.10471,0,0,-623099179.6,-495850913,0,-475270283.3,38,56.08666086
1981,0,-495850913,-495311963.7,127248266.6,127787215.9,0.2411981253,0.2422196996,538949.2678,0.001021574254,0.9150382706,11.08496173,1,35.758425,0,0,-623099179.6,-495850913,0,-475270283.3,39,56.11302972
1982,0,-495850913,-491980794.7,127248266.6,131118384.9,0.2411981253,0.2485339052,3870118.298,0.007335779915,2.246159478,2.246159478,0.09233,0.232055,0,0,-623099179.6,-495850913,0,-475270283.3,40,56.13431334
1983,0,-495850913,-518923246.8,127248266.6,104175932.8,0.2411981253,0.1974646915,-23072333.76,-0.04373343384,2.063331632,9.344523061,1,2.89995,0,0,-623099179.6,-495850913,0,-475270283.3,41,56.15233207
1984,0,-495850913,-493481330.1,127248266.6,129617849.5,0.2411981253,0.2456896517,2369582.893,0.004491526422,2.464027309,2.464027309,0.05927,0.180275,0,0,-623099179.6,-495850913,0,-475270283.3,42,56.17798996
1985,0,-495850913,-510739576,127248266.6,112359603.6,0.2411981253,0.2129767774,-14888662.97,-0.02822134786,1.875631391,10.12436861,1,11.54954,0,0,-623099179.6,-495850913,0,-475270283.3,43,56.20024443
1986,0,-502910372.2,-502998026.5,120188807.4,120101153.1,0.2278169739,0.2276508258,-87654.32236,-0.000166148104,1.22932063,1.22932063,0.073185,0.107695,0,0,-623099179.6,-495850913,0,-475270283.3,44,56.23192716
1987,0,-502953631.1,-510479455.3,120145548.5,112619724.3,0.227734977,0.2134698342,-7525824.215,-0.01426514279,1.011324133,21.98867587,1,124.880945,0,0,-623099179.6,-495850913,0,-475270283.3,45,56.24778008
1988,0,-498605550.9,-496880411.5,124493628.7,126218768.1,0.2359767301,0.2392467187,1725139.373,0.003269988613,1.469254442,1.469254442,0.07448,0.174245,0,0,-623099179.6,-495850913,0,-475270283.3,46,56.26491642
1989,0,-497202342.8,-486968263.1,125896836.7,136130916.5,0.2386365003,0.2580351209,10234079.74,0.01939862062,0.8600364067,11.13996359,1,30.53946,0,0,-623099179.6,-495850913,0,-475270283.3,47,56.28412724
1990,0,-495850913,-488068444.7,127248266.6,135030734.9,0.2411981253,0.2559497351,7782468.347,0.01475160979,1.73688055,1.73688055,0.18206,0.36122,0,0,-623099179.6,-495850913,0,-475270283.3,48,56.30263758
1991,0,-495850913,-506535467.6,127248266.6,116563712,0.2411981253,0.2209456331,-10684554.56,-0.02025249223,1.553334722,11.44666528,1,24.44093,0,0,-623099179.6,-495850913,0,-475270283.3,49,56.32096338
1992,0,-512372737.8,-511162284.9,110726441.8,111936894.7,0.2098811315,0.2121755358,1210452.924,0.002294404347,1.644831075,1.644831075,0.07448,0.239665,0,0,-623099179.6,-494515318.9,0,-475270283.3,0,56.33866167
1993,0,-512242846,-514285829.4,110856333.6,108813350.2,0.2101273405,0.206254881,-2042983.356,-0.003872459473,1.453854756,21.54614524,1,120.73329,0,0,-623099179.6,-495850913,0,-475270283.3,1,56.35502768
1994,0,-511608150.4,-507300738.2,111491029.2,115798441.4,0.2113304012,0.2194950684,4307412.215,0.008164667221,1.993620631,1.993620631,0.06455,0.10118,0,0,-623099179.6,-495850913,0,-475270283.3,2,56.37275004
1995,0,-507449911.8,-515118377.1,115649267.7,107980802.5,0.2192123109,0.204676793,-7668465.278,-0.01453551784,0.8772602294,12.12273977,1,50.241245,0,0,-623099179.6,-495850913,0,-475270283.3,3,56.39019513
1996,0,-511579662.1,-514512841.9,111519517.5,108586337.7,0.2113844005,0.2058245804,-2933179.8,-0.00555982009,1.738696045,1.738696045,0.06455,0.16459,0,0,-623099179.6,-495850913,0,-475270283.3,4,56.40649652
1997,0,-512795778.2,-506747798.4,110303401.4,116351381.2,0.2090792617,0.2205431616,6047979.773,0.01146389984,1.344790631,9.655209369,1,32.076925,0,0,-623099179.6,-495850913,0,-475270283.3,5,56.42362833
1998,0,-500894696.6,-500116747.5,122204483,122982432,0.2316376718,0.2331122683,777949.0037,0.001474596443,1.140860176,1.140860176,0.06455,0.10118,0,0,-623099179.6,-495850913,0,-475270283.3,6,56.44228029
1999,0,-500265921.2,-509281181.9,122833258.4,113817997.7,0.2328295107,0.2157411523,-9015260.706,-0.01708835837,0.8772602294,16.12273977,1,92.241245,0,0,-623099179.6,-495850913,0,-475270283.3,7,56.45853972
